   0.0000000e+00   0.0000000e+00   0.0000000e+00   0.0000000e+00
   1.0000000e-01   0.0000000e+00   0.0000000e+00   0.0000000e+00
   2.0000000e-01   0.0000000e+00  -1.5583730e-01   3.4630512e-01
   3.0000000e-01   0.0000000e+00  -4.1202480e-01   9.1561068e-01
   4.0000000e-01   0.0000000e+00  -5.1411453e-01   1.1424767e+00
   5.0000000e-01   0.0000000e+00  -6.0005361e-01   1.3334525e+00
   6.0000000e-01   0.0000000e+00  -6.0272069e-01   1.3393793e+00
   7.0000000e-01   0.0000000e+00  -5.1767063e-01   1.1503792e+00
   8.0000000e-01   0.0000000e+00  -3.6994427e-01   8.2209838e-01
   9.0000000e-01   0.0000000e+00  -2.3955388e-01   5.3234195e-01
   1.0000000e+00   0.0000000e+00  -1.3050007e-01   2.9000016e-01
   1.1000000e+00   0.0000000e+00  -6.6045710e-02   1.4676825e-01
   1.2000000e+00   0.0000000e+00  -4.9006051e-02   1.0890234e-01
   1.3000000e+00   0.0000000e+00  -4.8857880e-02   1.0857307e-01
   1.4000000e+00   0.0000000e+00  -4.7079829e-02   1.0462184e-01
   1.5000000e+00   0.0000000e+00  -4.7228000e-02   1.0495111e-01
   1.6000000e+00   0.0000000e+00  -4.8561538e-02   1.0791453e-01
   1.7000000e+00   0.0000000e+00  -4.9006051e-02   1.0890234e-01
   1.8000000e+00   0.0000000e+00  -4.8857880e-02   1.0857307e-01
   1.9000000e+00   0.0000000e+00  -4.8857880e-02   1.0857307e-01
   2.0000000e+00   0.0000000e+00  -4.9154222e-02   1.0923160e-01
   2.1000000e+00   0.0000000e+00  -4.9154222e-02   1.0923160e-01
   2.2000000e+00   0.0000000e+00  -4.8857880e-02   1.0857307e-01
   2.3000000e+00   0.0000000e+00  -4.8857880e-02   1.0857307e-01
   2.4000000e+00   0.0000000e+00  -4.8857880e-02   1.0857307e-01
   2.5000000e+00   0.0000000e+00  -4.9598735e-02   1.1021941e-01
   2.6000000e+00   0.0000000e+00  -4.8857880e-02   1.0857307e-01
   2.7000000e+00   0.0000000e+00  -4.9154222e-02   1.0923160e-01
   2.8000000e+00   0.0000000e+00  -4.9302393e-02   1.0956087e-01
   2.9000000e+00   0.0000000e+00  -4.9006051e-02   1.0890234e-01
   3.0000000e+00   0.0000000e+00  -4.8857880e-02   1.0857307e-01
   3.1000000e+00   0.0000000e+00  -4.9006051e-02   1.0890234e-01
   3.2000000e+00   0.0000000e+00  -4.7376171e-02   1.0528038e-01
   3.3000000e+00   0.0000000e+00  -4.9154222e-02   1.0923160e-01
   3.4000000e+00   0.0000000e+00  -4.8857880e-02   1.0857307e-01
   3.5000000e+00   0.0000000e+00  -4.8709709e-02   1.0824380e-01
   3.6000000e+00   0.0000000e+00  -4.9006051e-02   1.0890234e-01
   3.7000000e+00   0.0000000e+00  -4.7228000e-02   1.0495111e-01
   3.8000000e+00   0.0000000e+00  -4.8709709e-02   1.0824380e-01
   3.9000000e+00   0.0000000e+00  -4.9006051e-02   1.0890234e-01
   4.0000000e+00   0.0000000e+00  -4.9006051e-02   1.0890234e-01
   4.1000000e+00   0.0000000e+00  -4.8857880e-02   1.0857307e-01
   4.2000000e+00   0.0000000e+00  -4.8857880e-02   1.0857307e-01
   4.3000000e+00   0.0000000e+00  -4.8413367e-02   1.0758526e-01
   4.4000000e+00   0.0000000e+00  -4.9006051e-02   1.0890234e-01
   4.5000000e+00   0.0000000e+00  -4.8709709e-02   1.0824380e-01
   4.6000000e+00   0.0000000e+00  -4.8709709e-02   1.0824380e-01
   4.7000000e+00   0.0000000e+00  -4.8857880e-02   1.0857307e-01
   4.8000000e+00   0.0000000e+00  -4.9302393e-02   1.0956087e-01
   4.9000000e+00   0.0000000e+00  -4.9006051e-02   1.0890234e-01
   5.0000000e+00   1.0000000e+00   4.0069761e-01   1.0956087e-01
   5.1000000e+00   1.0000000e+00   4.0766164e-01   9.4085240e-02
   5.2000000e+00   1.0000000e+00   3.6143231e-01   1.9681710e-01
   5.3000000e+00   1.0000000e+00   2.8497610e-01   3.6671978e-01
   5.4000000e+00   1.0000000e+00   2.1889187e-01   5.1357363e-01
   5.5000000e+00   1.0000000e+00   1.7918206e-01   6.0181764e-01
   5.6000000e+00   1.0000000e+00   1.6658753e-01   6.2980548e-01
   5.7000000e+00   1.0000000e+00   1.6643936e-01   6.3013475e-01
   5.8000000e+00   1.0000000e+00   1.6658753e-01   6.2980548e-01
   5.9000000e+00   1.0000000e+00   1.6718022e-01   6.2848841e-01
   6.0000000e+00   1.0000000e+00   1.6629119e-01   6.3046402e-01
   6.1000000e+00   1.0000000e+00   1.6614302e-01   6.3079329e-01
   6.2000000e+00   1.0000000e+00   1.6599485e-01   6.3112256e-01
   6.3000000e+00   1.0000000e+00   1.6718022e-01   6.2848841e-01
   6.4000000e+00   1.0000000e+00   1.6614302e-01   6.3079329e-01
   6.5000000e+00   1.0000000e+00   1.6643936e-01   6.3013475e-01
   6.6000000e+00   1.0000000e+00   1.6584668e-01   6.3145183e-01
   6.7000000e+00   1.0000000e+00   1.6643936e-01   6.3013475e-01
   6.8000000e+00   1.0000000e+00   1.6599485e-01   6.3112256e-01
   6.9000000e+00   1.0000000e+00   1.6599485e-01   6.3112256e-01
   7.0000000e+00   1.0000000e+00   1.6629119e-01   6.3046402e-01
   7.1000000e+00   1.0000000e+00   1.6599485e-01   6.3112256e-01
   7.2000000e+00   1.0000000e+00   1.6614302e-01   6.3079329e-01
   7.3000000e+00   1.0000000e+00   1.6629119e-01   6.3046402e-01
   7.4000000e+00   1.0000000e+00   1.6673570e-01   6.2947621e-01
   7.5000000e+00   1.0000000e+00   1.6599485e-01   6.3112256e-01
   7.6000000e+00   1.0000000e+00   1.6777290e-01   6.2717133e-01
   7.7000000e+00   1.0000000e+00   1.6614302e-01   6.3079329e-01
   7.8000000e+00   1.0000000e+00   1.6584668e-01   6.3145183e-01
   7.9000000e+00   1.0000000e+00   1.6569851e-01   6.3178109e-01
   8.0000000e+00   1.0000000e+00   1.6569851e-01   6.3178109e-01
   8.1000000e+00   1.0000000e+00   1.6599485e-01   6.3112256e-01
   8.2000000e+00   1.0000000e+00   1.6792107e-01   6.2684206e-01
   8.3000000e+00   1.0000000e+00   1.6614302e-01   6.3079329e-01
   8.4000000e+00   1.0000000e+00   1.6614302e-01   6.3079329e-01
   8.5000000e+00   1.0000000e+00   1.6629119e-01   6.3046402e-01
   8.6000000e+00   1.0000000e+00   1.6614302e-01   6.3079329e-01
   8.7000000e+00   1.0000000e+00   1.6599485e-01   6.3112256e-01
   8.8000000e+00   1.0000000e+00   1.6732839e-01   6.2815914e-01
   8.9000000e+00   1.0000000e+00   1.6614302e-01   6.3079329e-01
   9.0000000e+00   1.0000000e+00   1.6599485e-01   6.3112256e-01
   9.1000000e+00   1.0000000e+00   1.6569851e-01   6.3178109e-01
   9.2000000e+00   1.0000000e+00   1.6629119e-01   6.3046402e-01
   9.3000000e+00   1.0000000e+00   1.6584668e-01   6.3145183e-01
   9.4000000e+00   1.0000000e+00   1.6584668e-01   6.3145183e-01
   9.5000000e+00   1.0000000e+00   1.6629119e-01   6.3046402e-01
   9.6000000e+00   1.0000000e+00   1.6629119e-01   6.3046402e-01
   9.7000000e+00   1.0000000e+00   1.6643936e-01   6.3013475e-01
   9.8000000e+00   1.0000000e+00   1.6599485e-01   6.3112256e-01
   9.9000000e+00   1.0000000e+00   1.6525399e-01   6.3276890e-01
   1.0000000e+01   0.0000000e+00  -2.8385698e-01   6.3079329e-01
   1.0100000e+01   0.0000000e+00  -2.8815394e-01   6.4034208e-01
   1.0200000e+01   0.0000000e+00  -2.7837466e-01   6.1861035e-01
   1.0300000e+01   0.0000000e+00  -2.2977460e-01   5.1061021e-01
   1.0400000e+01   0.0000000e+00  -1.9110198e-01   4.2467107e-01
   1.0500000e+01   0.0000000e+00  -1.7806294e-01   3.9569543e-01
   1.0600000e+01   0.0000000e+00  -1.7747026e-01   3.9437835e-01
   1.0700000e+01   0.0000000e+00  -1.7598855e-01   3.9108566e-01
   1.0800000e+01   0.0000000e+00  -1.7702575e-01   3.9339055e-01
   1.0900000e+01   0.0000000e+00  -1.7747026e-01   3.9437835e-01
   1.1000000e+01   0.0000000e+00  -1.7717392e-01   3.9371981e-01
   1.1100000e+01   0.0000000e+00  -1.7598855e-01   3.9108566e-01
   1.1200000e+01   0.0000000e+00  -1.7717392e-01   3.9371981e-01
   1.1300000e+01   0.0000000e+00  -1.7672940e-01   3.9273201e-01
   1.1400000e+01   0.0000000e+00  -1.7747026e-01   3.9437835e-01
   1.1500000e+01   0.0000000e+00  -1.7672940e-01   3.9273201e-01
   1.1600000e+01   0.0000000e+00  -1.7687757e-01   3.9306128e-01
   1.1700000e+01   0.0000000e+00  -1.7702575e-01   3.9339055e-01
   1.1800000e+01   0.0000000e+00  -1.7687757e-01   3.9306128e-01
   1.1900000e+01   0.0000000e+00  -1.7658123e-01   3.9240274e-01
   1.2000000e+01   0.0000000e+00  -1.7702575e-01   3.9339055e-01
   1.2100000e+01   0.0000000e+00  -1.7702575e-01   3.9339055e-01
   1.2200000e+01   0.0000000e+00  -1.7732209e-01   3.9404908e-01
   1.2300000e+01   0.0000000e+00  -1.7687757e-01   3.9306128e-01
   1.2400000e+01   0.0000000e+00  -1.7495135e-01   3.8878078e-01
   1.2500000e+01   0.0000000e+00  -1.7687757e-01   3.9306128e-01
   1.2600000e+01   0.0000000e+00  -1.7702575e-01   3.9339055e-01
   1.2700000e+01   0.0000000e+00  -1.7717392e-01   3.9371981e-01
   1.2800000e+01   0.0000000e+00  -1.7687757e-01   3.9306128e-01
   1.2900000e+01   0.0000000e+00  -1.7732209e-01   3.9404908e-01
   1.3000000e+01   0.0000000e+00  -1.7702575e-01   3.9339055e-01
   1.3100000e+01   0.0000000e+00  -1.7672940e-01   3.9273201e-01
   1.3200000e+01   0.0000000e+00  -1.7732209e-01   3.9404908e-01
   1.3300000e+01   0.0000000e+00  -1.7658123e-01   3.9240274e-01
   1.3400000e+01   0.0000000e+00  -1.7702575e-01   3.9339055e-01
   1.3500000e+01   0.0000000e+00  -1.7613672e-01   3.9141493e-01
   1.3600000e+01   0.0000000e+00  -1.7687757e-01   3.9306128e-01
   1.3700000e+01   0.0000000e+00  -1.7761843e-01   3.9470762e-01
   1.3800000e+01   0.0000000e+00  -1.7761843e-01   3.9470762e-01
   1.3900000e+01   0.0000000e+00  -1.7598855e-01   3.9108566e-01
   1.4000000e+01   0.0000000e+00  -1.7761843e-01   3.9470762e-01
   1.4100000e+01   0.0000000e+00  -1.7702575e-01   3.9339055e-01
   1.4200000e+01   0.0000000e+00  -1.7672940e-01   3.9273201e-01
   1.4300000e+01   0.0000000e+00  -1.7747026e-01   3.9437835e-01
   1.4400000e+01   0.0000000e+00  -1.7806294e-01   3.9569543e-01
   1.4500000e+01   0.0000000e+00  -1.7539587e-01   3.8976859e-01
   1.4600000e+01   0.0000000e+00  -1.7702575e-01   3.9339055e-01
   1.4700000e+01   0.0000000e+00  -1.8117453e-01   4.0261007e-01
   1.4800000e+01   0.0000000e+00  -1.7658123e-01   3.9240274e-01
   1.4900000e+01   0.0000000e+00  -1.7732209e-01   3.9404908e-01
   1.5000000e+01   1.0000000e+00   2.7312243e-01   3.9306128e-01
   1.5100000e+01   1.0000000e+00   2.7801207e-01   3.8219541e-01
   1.5200000e+01   1.0000000e+00   2.7919743e-01   3.7956126e-01
   1.5300000e+01   1.0000000e+00   2.4496995e-01   4.5562234e-01
   1.5400000e+01   1.0000000e+00   2.1889187e-01   5.1357363e-01
   1.5500000e+01   1.0000000e+00   2.0733453e-01   5.3925659e-01
   1.5600000e+01   1.0000000e+00   2.0940893e-01   5.3464683e-01
   1.5700000e+01   1.0000000e+00   2.0644551e-01   5.4123220e-01
   1.5800000e+01   1.0000000e+00   2.0748271e-01   5.3892732e-01
   1.5900000e+01   1.0000000e+00   2.0748271e-01   5.3892732e-01
   1.6000000e+01   1.0000000e+00   2.0763088e-01   5.3859805e-01
   1.6100000e+01   1.0000000e+00   2.0748271e-01   5.3892732e-01
   1.6200000e+01   1.0000000e+00   2.0763088e-01   5.3859805e-01
   1.6300000e+01   1.0000000e+00   2.1029795e-01   5.3267122e-01
   1.6400000e+01   1.0000000e+00   2.0777905e-01   5.3826878e-01
   1.6500000e+01   1.0000000e+00   2.0851990e-01   5.3662244e-01
   1.6600000e+01   1.0000000e+00   2.0703819e-01   5.3991513e-01
   1.6700000e+01   1.0000000e+00   2.0837173e-01   5.3695171e-01
   1.6800000e+01   1.0000000e+00   2.1059429e-01   5.3201268e-01
   1.6900000e+01   1.0000000e+00   2.0926076e-01   5.3497610e-01
   1.7000000e+01   1.0000000e+00   2.0777905e-01   5.3826878e-01
   1.7100000e+01   1.0000000e+00   2.0807539e-01   5.3761025e-01
   1.7200000e+01   1.0000000e+00   2.0851990e-01   5.3662244e-01
   1.7300000e+01   1.0000000e+00   2.0689002e-01   5.4024440e-01
   1.7400000e+01   1.0000000e+00   2.0748271e-01   5.3892732e-01
   1.7500000e+01   1.0000000e+00   2.0807539e-01   5.3761025e-01
   1.7600000e+01   1.0000000e+00   2.0837173e-01   5.3695171e-01
   1.7700000e+01   1.0000000e+00   2.0748271e-01   5.3892732e-01
   1.7800000e+01   1.0000000e+00   2.0837173e-01   5.3695171e-01
   1.7900000e+01   1.0000000e+00   2.0792722e-01   5.3793951e-01
   1.8000000e+01   1.0000000e+00   2.0940893e-01   5.3464683e-01
   1.8100000e+01   1.0000000e+00   2.0792722e-01   5.3793951e-01
   1.8200000e+01   1.0000000e+00   2.0792722e-01   5.3793951e-01
   1.8300000e+01   1.0000000e+00   2.0763088e-01   5.3859805e-01
   1.8400000e+01   1.0000000e+00   2.0822356e-01   5.3728098e-01
   1.8500000e+01   1.0000000e+00   2.0792722e-01   5.3793951e-01
   1.8600000e+01   1.0000000e+00   2.0955710e-01   5.3431756e-01
   1.8700000e+01   1.0000000e+00   2.0881624e-01   5.3596390e-01
   1.8800000e+01   1.0000000e+00   2.0748271e-01   5.3892732e-01
   1.8900000e+01   1.0000000e+00   2.0822356e-01   5.3728098e-01
   1.9000000e+01   1.0000000e+00   2.0792722e-01   5.3793951e-01
   1.9100000e+01   1.0000000e+00   2.0703819e-01   5.3991513e-01
   1.9200000e+01   1.0000000e+00   2.0807539e-01   5.3761025e-01
   1.9300000e+01   1.0000000e+00   2.0866807e-01   5.3629317e-01
   1.9400000e+01   1.0000000e+00   2.0659368e-01   5.4090293e-01
   1.9500000e+01   1.0000000e+00   2.0807539e-01   5.3761025e-01
   1.9600000e+01   1.0000000e+00   2.0807539e-01   5.3761025e-01
   1.9700000e+01   1.0000000e+00   2.0866807e-01   5.3629317e-01
   1.9800000e+01   1.0000000e+00   2.0807539e-01   5.3761025e-01
   1.9900000e+01   1.0000000e+00   2.0585283e-01   5.4254928e-01
   2.0000000e+01   0.0000000e+00  -2.4207278e-01   5.3793951e-01
   2.0100000e+01   0.0000000e+00  -2.4651791e-01   5.4781758e-01
   2.0200000e+01   0.0000000e+00  -2.4622157e-01   5.4715904e-01
   2.0300000e+01   0.0000000e+00  -2.0888249e-01   4.6418332e-01
   2.0400000e+01   0.0000000e+00  -1.8784222e-01   4.1742716e-01
   2.0500000e+01   0.0000000e+00  -1.8354527e-01   4.0787837e-01
   2.0600000e+01   0.0000000e+00  -1.8221173e-01   4.0491495e-01
   2.0700000e+01   0.0000000e+00  -1.8250807e-01   4.0557349e-01
   2.0800000e+01   0.0000000e+00  -1.8310075e-01   4.0689056e-01
   2.0900000e+01   0.0000000e+00  -1.8458246e-01   4.1018325e-01
   2.1000000e+01   0.0000000e+00  -1.8206356e-01   4.0458568e-01
   2.1100000e+01   0.0000000e+00  -1.8310075e-01   4.0689056e-01
   2.1200000e+01   0.0000000e+00  -1.8413795e-01   4.0919544e-01
   2.1300000e+01   0.0000000e+00  -1.8354527e-01   4.0787837e-01
   2.1400000e+01   0.0000000e+00  -1.8280441e-01   4.0623203e-01
   2.1500000e+01   0.0000000e+00  -1.8310075e-01   4.0689056e-01
   2.1600000e+01   0.0000000e+00  -1.8221173e-01   4.0491495e-01
   2.1700000e+01   0.0000000e+00  -1.8265624e-01   4.0590276e-01
   2.1800000e+01   0.0000000e+00  -1.8398978e-01   4.0886618e-01
   2.1900000e+01   0.0000000e+00  -1.8324892e-01   4.0721983e-01
   2.2000000e+01   0.0000000e+00  -1.8339710e-01   4.0754910e-01
   2.2100000e+01   0.0000000e+00  -1.8235990e-01   4.0524422e-01
   2.2200000e+01   0.0000000e+00  -1.8443429e-01   4.0985398e-01
   2.2300000e+01   0.0000000e+00  -1.8265624e-01   4.0590276e-01
   2.2400000e+01   0.0000000e+00  -1.8310075e-01   4.0689056e-01
   2.2500000e+01   0.0000000e+00  -1.8458246e-01   4.1018325e-01
   2.2600000e+01   0.0000000e+00  -1.8280441e-01   4.0623203e-01
   2.2700000e+01   0.0000000e+00  -1.8443429e-01   4.0985398e-01
   2.2800000e+01   0.0000000e+00  -1.8250807e-01   4.0557349e-01
   2.2900000e+01   0.0000000e+00  -1.8310075e-01   4.0689056e-01
   2.3000000e+01   0.0000000e+00  -1.8517515e-01   4.1150033e-01
   2.3100000e+01   0.0000000e+00  -1.8280441e-01   4.0623203e-01
   2.3200000e+01   0.0000000e+00  -1.8324892e-01   4.0721983e-01
   2.3300000e+01   0.0000000e+00  -1.8532332e-01   4.1182959e-01
   2.3400000e+01   0.0000000e+00  -1.8295258e-01   4.0656129e-01
   2.3500000e+01   0.0000000e+00  -1.8250807e-01   4.0557349e-01
   2.3600000e+01   0.0000000e+00  -1.8354527e-01   4.0787837e-01
   2.3700000e+01   0.0000000e+00  -1.8324892e-01   4.0721983e-01
   2.3800000e+01   0.0000000e+00  -1.8354527e-01   4.0787837e-01
   2.3900000e+01   0.0000000e+00  -1.8295258e-01   4.0656129e-01
   2.4000000e+01   0.0000000e+00  -1.8561966e-01   4.1248813e-01
   2.4100000e+01   0.0000000e+00  -1.8132270e-01   4.0293934e-01
   2.4200000e+01   0.0000000e+00  -1.8310075e-01   4.0689056e-01
   2.4300000e+01   0.0000000e+00  -1.8413795e-01   4.0919544e-01
   2.4400000e+01   0.0000000e+00  -1.8324892e-01   4.0721983e-01
   2.4500000e+01   0.0000000e+00  -1.8339710e-01   4.0754910e-01
   2.4600000e+01   0.0000000e+00  -1.8221173e-01   4.0491495e-01
   2.4700000e+01   0.0000000e+00  -1.8310075e-01   4.0689056e-01
   2.4800000e+01   0.0000000e+00  -1.8324892e-01   4.0721983e-01
   2.4900000e+01   0.0000000e+00  -1.8310075e-01   4.0689056e-01
   2.5000000e+01   1.0000000e+00   2.6571388e-01   4.0952471e-01
   2.5100000e+01   1.0000000e+00   2.7208523e-01   3.9536616e-01
   2.5200000e+01   1.0000000e+00   2.7193706e-01   3.9569543e-01
   2.5300000e+01   1.0000000e+00   2.4052482e-01   4.6550040e-01
   2.5400000e+01   1.0000000e+00   2.1666930e-01   5.1851266e-01
   2.5500000e+01   1.0000000e+00   2.0911259e-01   5.3530537e-01
   2.5600000e+01   1.0000000e+00   2.0926076e-01   5.3497610e-01
   2.5700000e+01   1.0000000e+00   2.0911259e-01   5.3530537e-01
   2.5800000e+01   1.0000000e+00   2.0881624e-01   5.3596390e-01
   2.5900000e+01   1.0000000e+00   2.0748271e-01   5.3892732e-01
   2.6000000e+01   1.0000000e+00   2.0970527e-01   5.3398829e-01
   2.6100000e+01   1.0000000e+00   2.0896441e-01   5.3563463e-01
   2.6200000e+01   1.0000000e+00   2.0911259e-01   5.3530537e-01
   2.6300000e+01   1.0000000e+00   2.0881624e-01   5.3596390e-01
   2.6400000e+01   1.0000000e+00   2.0896441e-01   5.3563463e-01
   2.6500000e+01   1.0000000e+00   2.0881624e-01   5.3596390e-01
   2.6600000e+01   1.0000000e+00   2.0896441e-01   5.3563463e-01
   2.6700000e+01   1.0000000e+00   2.0881624e-01   5.3596390e-01
   2.6800000e+01   1.0000000e+00   2.0881624e-01   5.3596390e-01
   2.6900000e+01   1.0000000e+00   2.0837173e-01   5.3695171e-01
   2.7000000e+01   1.0000000e+00   2.0911259e-01   5.3530537e-01
   2.7100000e+01   1.0000000e+00   2.0881624e-01   5.3596390e-01
   2.7200000e+01   1.0000000e+00   2.0866807e-01   5.3629317e-01
   2.7300000e+01   1.0000000e+00   2.0926076e-01   5.3497610e-01
   2.7400000e+01   1.0000000e+00   2.0881624e-01   5.3596390e-01
   2.7500000e+01   1.0000000e+00   2.0881624e-01   5.3596390e-01
   2.7600000e+01   1.0000000e+00   2.0837173e-01   5.3695171e-01
   2.7700000e+01   1.0000000e+00   2.0851990e-01   5.3662244e-01
   2.7800000e+01   1.0000000e+00   2.1074247e-01   5.3168341e-01
   2.7900000e+01   1.0000000e+00   2.0896441e-01   5.3563463e-01
   2.8000000e+01   1.0000000e+00   2.0866807e-01   5.3629317e-01
   2.8100000e+01   1.0000000e+00   2.0851990e-01   5.3662244e-01
   2.8200000e+01   1.0000000e+00   2.0940893e-01   5.3464683e-01
   2.8300000e+01   1.0000000e+00   2.0837173e-01   5.3695171e-01
   2.8400000e+01   1.0000000e+00   2.0866807e-01   5.3629317e-01
   2.8500000e+01   1.0000000e+00   2.0970527e-01   5.3398829e-01
   2.8600000e+01   1.0000000e+00   2.0866807e-01   5.3629317e-01
   2.8700000e+01   1.0000000e+00   2.0881624e-01   5.3596390e-01
   2.8800000e+01   1.0000000e+00   2.0866807e-01   5.3629317e-01
   2.8900000e+01   1.0000000e+00   2.0896441e-01   5.3563463e-01
   2.9000000e+01   1.0000000e+00   2.0837173e-01   5.3695171e-01
   2.9100000e+01   1.0000000e+00   2.1014978e-01   5.3300048e-01
   2.9200000e+01   1.0000000e+00   2.0881624e-01   5.3596390e-01
   2.9300000e+01   1.0000000e+00   2.0911259e-01   5.3530537e-01
   2.9400000e+01   1.0000000e+00   2.0896441e-01   5.3563463e-01
   2.9500000e+01   1.0000000e+00   2.0911259e-01   5.3530537e-01
   2.9600000e+01   1.0000000e+00   2.0866807e-01   5.3629317e-01
   2.9700000e+01   1.0000000e+00   2.1044612e-01   5.3234195e-01
   2.9800000e+01   1.0000000e+00   2.0896441e-01   5.3563463e-01
   2.9900000e+01   1.0000000e+00   2.0837173e-01   5.3695171e-01
   3.0000000e+01   0.0000000e+00  -2.4029473e-01   5.3398829e-01
   3.0100000e+01   0.0000000e+00  -2.4622157e-01   5.4715904e-01
   3.0200000e+01   0.0000000e+00  -2.4518437e-01   5.4485416e-01
   3.0300000e+01   0.0000000e+00  -2.0814164e-01   4.6253698e-01
   3.0400000e+01   0.0000000e+00  -1.8576783e-01   4.1281740e-01
   3.0500000e+01   0.0000000e+00  -1.8250807e-01   4.0557349e-01
   3.0600000e+01   0.0000000e+00  -1.8265624e-01   4.0590276e-01
   3.0700000e+01   0.0000000e+00  -1.8161904e-01   4.0359788e-01
   3.0800000e+01   0.0000000e+00  -1.8295258e-01   4.0656129e-01
   3.0900000e+01   0.0000000e+00  -1.8295258e-01   4.0656129e-01
   3.1000000e+01   0.0000000e+00  -1.8280441e-01   4.0623203e-01
   3.1100000e+01   0.0000000e+00  -1.8280441e-01   4.0623203e-01
   3.1200000e+01   0.0000000e+00  -1.8295258e-01   4.0656129e-01
   3.1300000e+01   0.0000000e+00  -1.8102636e-01   4.0228080e-01
   3.1400000e+01   0.0000000e+00  -1.8265624e-01   4.0590276e-01
   3.1500000e+01   0.0000000e+00  -1.8324892e-01   4.0721983e-01
   3.1600000e+01   0.0000000e+00  -1.8280441e-01   4.0623203e-01
   3.1700000e+01   0.0000000e+00  -1.8265624e-01   4.0590276e-01
   3.1800000e+01   0.0000000e+00  -1.8265624e-01   4.0590276e-01
   3.1900000e+01   0.0000000e+00  -1.8458246e-01   4.1018325e-01
   3.2000000e+01   0.0000000e+00  -1.8087819e-01   4.0195153e-01
   3.2100000e+01   0.0000000e+00  -1.8250807e-01   4.0557349e-01
   3.2200000e+01   0.0000000e+00  -1.8250807e-01   4.0557349e-01
   3.2300000e+01   0.0000000e+00  -1.8102636e-01   4.0228080e-01
   3.2400000e+01   0.0000000e+00  -1.8310075e-01   4.0689056e-01
   3.2500000e+01   0.0000000e+00  -1.8295258e-01   4.0656129e-01
   3.2600000e+01   0.0000000e+00  -1.8339710e-01   4.0754910e-01
   3.2700000e+01   0.0000000e+00  -1.8339710e-01   4.0754910e-01
   3.2800000e+01   0.0000000e+00  -1.8310075e-01   4.0689056e-01
   3.2900000e+01   0.0000000e+00  -1.8280441e-01   4.0623203e-01
   3.3000000e+01   0.0000000e+00  -1.8324892e-01   4.0721983e-01
   3.3100000e+01   0.0000000e+00  -1.8265624e-01   4.0590276e-01
   3.3200000e+01   0.0000000e+00  -1.8310075e-01   4.0689056e-01
   3.3300000e+01   0.0000000e+00  -1.8295258e-01   4.0656129e-01
   3.3400000e+01   0.0000000e+00  -1.8310075e-01   4.0689056e-01
   3.3500000e+01   0.0000000e+00  -1.8280441e-01   4.0623203e-01
   3.3600000e+01   0.0000000e+00  -1.8295258e-01   4.0656129e-01
   3.3700000e+01   0.0000000e+00  -1.8280441e-01   4.0623203e-01
   3.3800000e+01   0.0000000e+00  -1.8250807e-01   4.0557349e-01
   3.3900000e+01   0.0000000e+00  -1.8295258e-01   4.0656129e-01
   3.4000000e+01   0.0000000e+00  -1.8324892e-01   4.0721983e-01
   3.4100000e+01   0.0000000e+00  -1.8221173e-01   4.0491495e-01
   3.4200000e+01   0.0000000e+00  -1.8295258e-01   4.0656129e-01
   3.4300000e+01   0.0000000e+00  -1.8087819e-01   4.0195153e-01
   3.4400000e+01   0.0000000e+00  -1.8265624e-01   4.0590276e-01
   3.4500000e+01   0.0000000e+00  -1.8250807e-01   4.0557349e-01
   3.4600000e+01   0.0000000e+00  -1.8295258e-01   4.0656129e-01
   3.4700000e+01   0.0000000e+00  -1.8310075e-01   4.0689056e-01
   3.4800000e+01   0.0000000e+00  -1.8161904e-01   4.0359788e-01
   3.4900000e+01   0.0000000e+00  -1.8295258e-01   4.0656129e-01
   3.5000000e+01   1.0000000e+00   2.6704742e-01   4.0656129e-01
   3.5100000e+01   1.0000000e+00   2.7238157e-01   3.9470762e-01
   3.5200000e+01   1.0000000e+00   2.7193706e-01   3.9569543e-01
   3.5300000e+01   1.0000000e+00   2.4215470e-01   4.6187844e-01
   3.5400000e+01   1.0000000e+00   2.1578028e-01   5.2048827e-01
   3.5500000e+01   1.0000000e+00   2.0866807e-01   5.3629317e-01
   3.5600000e+01   1.0000000e+00   2.0807539e-01   5.3761025e-01
   3.5700000e+01   1.0000000e+00   2.0807539e-01   5.3761025e-01
   3.5800000e+01   1.0000000e+00   2.0807539e-01   5.3761025e-01
   3.5900000e+01   1.0000000e+00   2.0822356e-01   5.3728098e-01
   3.6000000e+01   1.0000000e+00   2.0807539e-01   5.3761025e-01
   3.6100000e+01   1.0000000e+00   2.0822356e-01   5.3728098e-01
   3.6200000e+01   1.0000000e+00   2.0881624e-01   5.3596390e-01
   3.6300000e+01   1.0000000e+00   2.0807539e-01   5.3761025e-01
   3.6400000e+01   1.0000000e+00   2.1000161e-01   5.3332975e-01
   3.6500000e+01   1.0000000e+00   2.0807539e-01   5.3761025e-01
   3.6600000e+01   1.0000000e+00   2.0777905e-01   5.3826878e-01
   3.6700000e+01   1.0000000e+00   2.0837173e-01   5.3695171e-01
   3.6800000e+01   1.0000000e+00   2.0822356e-01   5.3728098e-01
   3.6900000e+01   1.0000000e+00   2.0866807e-01   5.3629317e-01
   3.7000000e+01   1.0000000e+00   2.1029795e-01   5.3267122e-01
   3.7100000e+01   1.0000000e+00   2.0807539e-01   5.3761025e-01
   3.7200000e+01   1.0000000e+00   2.0851990e-01   5.3662244e-01
   3.7300000e+01   1.0000000e+00   2.0807539e-01   5.3761025e-01
   3.7400000e+01   1.0000000e+00   2.0822356e-01   5.3728098e-01
   3.7500000e+01   1.0000000e+00   2.0792722e-01   5.3793951e-01
   3.7600000e+01   1.0000000e+00   2.0866807e-01   5.3629317e-01
   3.7700000e+01   1.0000000e+00   2.0926076e-01   5.3497610e-01
   3.7800000e+01   1.0000000e+00   2.0851990e-01   5.3662244e-01
   3.7900000e+01   1.0000000e+00   2.0881624e-01   5.3596390e-01
   3.8000000e+01   1.0000000e+00   2.0792722e-01   5.3793951e-01
   3.8100000e+01   1.0000000e+00   2.0807539e-01   5.3761025e-01
   3.8200000e+01   1.0000000e+00   2.1014978e-01   5.3300048e-01
   3.8300000e+01   1.0000000e+00   2.0763088e-01   5.3859805e-01
   3.8400000e+01   1.0000000e+00   2.0837173e-01   5.3695171e-01
   3.8500000e+01   1.0000000e+00   2.0777905e-01   5.3826878e-01
   3.8600000e+01   1.0000000e+00   2.0807539e-01   5.3761025e-01
   3.8700000e+01   1.0000000e+00   2.0807539e-01   5.3761025e-01
   3.8800000e+01   1.0000000e+00   2.0792722e-01   5.3793951e-01
   3.8900000e+01   1.0000000e+00   2.0970527e-01   5.3398829e-01
   3.9000000e+01   1.0000000e+00   2.0822356e-01   5.3728098e-01
   3.9100000e+01   1.0000000e+00   2.0926076e-01   5.3497610e-01
   3.9200000e+01   1.0000000e+00   2.0837173e-01   5.3695171e-01
   3.9300000e+01   1.0000000e+00   2.0792722e-01   5.3793951e-01
   3.9400000e+01   1.0000000e+00   2.0792722e-01   5.3793951e-01
   3.9500000e+01   1.0000000e+00   2.0748271e-01   5.3892732e-01
   3.9600000e+01   1.0000000e+00   2.0748271e-01   5.3892732e-01
   3.9700000e+01   1.0000000e+00   2.0807539e-01   5.3761025e-01
   3.9800000e+01   1.0000000e+00   2.0807539e-01   5.3761025e-01
   3.9900000e+01   1.0000000e+00   2.0822356e-01   5.3728098e-01
   4.0000000e+01   0.0000000e+00  -2.4162827e-01   5.3695171e-01
