   0.0000000e+00   0.0000000e+00   0.0000000e+00   0.0000000e+00
   1.0000000e-01   0.0000000e+00   0.0000000e+00   0.0000000e+00
   2.0000000e-01   0.0000000e+00  -1.2711186e+00   2.8247081e+00
   3.0000000e-01   0.0000000e+00  -1.2856393e+00   2.8569763e+00
   4.0000000e-01   0.0000000e+00  -1.2594132e+00   2.7986959e+00
   5.0000000e-01   0.0000000e+00  -1.1041304e+00   2.4536231e+00
   6.0000000e-01   0.0000000e+00  -8.4379454e-01   1.8750990e+00
   7.0000000e-01   0.0000000e+00  -5.6686335e-01   1.2596963e+00
   8.0000000e-01   0.0000000e+00  -2.8356064e-01   6.3013475e-01
   9.0000000e-01   0.0000000e+00  -4.3523726e-02   9.6719391e-02
   1.0000000e+00   0.0000000e+00   1.0849968e-01  -2.4111040e-01
   1.1000000e+00   0.0000000e+00   1.5709976e-01  -3.4911058e-01
   1.2000000e+00   0.0000000e+00   1.5635890e-01  -3.4746423e-01
   1.3000000e+00   0.0000000e+00   1.5635890e-01  -3.4746423e-01
   1.4000000e+00   0.0000000e+00   1.3339240e-01  -2.9642756e-01
   1.5000000e+00   0.0000000e+00   1.1042590e-01  -2.4539090e-01
   1.6000000e+00   0.0000000e+00   8.6570377e-02  -1.9237862e-01
   1.7000000e+00   0.0000000e+00   7.3827674e-02  -1.6406150e-01
   1.8000000e+00   0.0000000e+00   7.3234990e-02  -1.6274442e-01
   1.9000000e+00   0.0000000e+00   7.2642307e-02  -1.6142735e-01
   2.0000000e+00   0.0000000e+00   7.5161213e-02  -1.6702492e-01
   2.1000000e+00   0.0000000e+00   7.7976461e-02  -1.7328103e-01
   2.2000000e+00   0.0000000e+00   7.3975845e-02  -1.6439077e-01
   2.3000000e+00   0.0000000e+00   7.6346581e-02  -1.6965907e-01
   2.4000000e+00   0.0000000e+00   7.4272187e-02  -1.6504930e-01
   2.5000000e+00   0.0000000e+00   7.2345965e-02  -1.6076881e-01
   2.6000000e+00   0.0000000e+00   7.5457555e-02  -1.6768346e-01
   2.7000000e+00   0.0000000e+00   7.5902068e-02  -1.6867126e-01
   2.8000000e+00   0.0000000e+00   7.2642307e-02  -1.6142735e-01
   2.9000000e+00   0.0000000e+00   7.3975845e-02  -1.6439077e-01
   3.0000000e+00   0.0000000e+00   7.4716700e-02  -1.6603711e-01
   3.1000000e+00   0.0000000e+00   7.3975845e-02  -1.6439077e-01
   3.2000000e+00   0.0000000e+00   7.5161213e-02  -1.6702492e-01
   3.3000000e+00   0.0000000e+00   7.3827674e-02  -1.6406150e-01
   3.4000000e+00   0.0000000e+00   7.3975845e-02  -1.6439077e-01
   3.5000000e+00   0.0000000e+00   7.3827674e-02  -1.6406150e-01
   3.6000000e+00   0.0000000e+00   7.6494752e-02  -1.6998834e-01
   3.7000000e+00   0.0000000e+00   7.4864871e-02  -1.6636638e-01
   3.8000000e+00   0.0000000e+00   7.6346581e-02  -1.6965907e-01
   3.9000000e+00   0.0000000e+00   7.5161213e-02  -1.6702492e-01
   4.0000000e+00   0.0000000e+00   7.4124016e-02  -1.6472004e-01
   4.1000000e+00   0.0000000e+00   7.3531332e-02  -1.6340296e-01
   4.2000000e+00   0.0000000e+00   7.3827674e-02  -1.6406150e-01
   4.3000000e+00   0.0000000e+00   7.2790478e-02  -1.6175662e-01
   4.4000000e+00   0.0000000e+00   7.3975845e-02  -1.6439077e-01
   4.5000000e+00   0.0000000e+00   7.3679503e-02  -1.6373223e-01
   4.6000000e+00   0.0000000e+00   7.3679503e-02  -1.6373223e-01
   4.7000000e+00   0.0000000e+00   7.4124016e-02  -1.6472004e-01
   4.8000000e+00   0.0000000e+00   7.6198410e-02  -1.6932980e-01
   4.9000000e+00   0.0000000e+00   7.4124016e-02  -1.6472004e-01
   5.0000000e+00   2.0000000e+00   9.7323499e-01  -1.6274442e-01
   5.1000000e+00   2.0000000e+00   9.0344647e-01  -7.6588159e-03
   5.2000000e+00   2.0000000e+00   7.4164379e-01   3.5190268e-01
   5.3000000e+00   2.0000000e+00   5.3346366e-01   8.1452520e-01
   5.4000000e+00   2.0000000e+00   3.3921166e-01   1.2461963e+00
   5.5000000e+00   2.0000000e+00   1.7829816e-01   1.6037819e+00
   5.6000000e+00   2.0000000e+00   6.4354846e-02   1.8569892e+00
   5.7000000e+00   2.0000000e+00   1.4717654e-02   1.9672941e+00
   5.8000000e+00   2.0000000e+00   4.4938750e-03   1.9900136e+00
   5.9000000e+00   2.0000000e+00   4.6420457e-03   1.9896843e+00
   6.0000000e+00   2.0000000e+00   3.7530215e-03   1.9916600e+00
   6.1000000e+00   2.0000000e+00   3.7530215e-03   1.9916600e+00
   6.2000000e+00   2.0000000e+00   5.2347286e-03   1.9883673e+00
   6.3000000e+00   2.0000000e+00   3.9011922e-03   1.9913307e+00
   6.4000000e+00   2.0000000e+00   3.7530215e-03   1.9916600e+00
   6.5000000e+00   2.0000000e+00   3.6048508e-03   1.9919892e+00
   6.6000000e+00   2.0000000e+00   4.6420457e-03   1.9896843e+00
   6.7000000e+00   2.0000000e+00   4.0493629e-03   1.9910014e+00
   6.8000000e+00   2.0000000e+00   5.2347286e-03   1.9883673e+00
   6.9000000e+00   2.0000000e+00   5.3828993e-03   1.9880380e+00
   7.0000000e+00   2.0000000e+00   3.1603387e-03   1.9929770e+00
   7.1000000e+00   2.0000000e+00   4.1975336e-03   1.9906721e+00
   7.2000000e+00   2.0000000e+00   4.0493629e-03   1.9910014e+00
   7.3000000e+00   2.0000000e+00   4.3457043e-03   1.9903429e+00
   7.4000000e+00   2.0000000e+00   5.5310700e-03   1.9877087e+00
   7.5000000e+00   2.0000000e+00   4.3457043e-03   1.9903429e+00
   7.6000000e+00   2.0000000e+00   5.3828993e-03   1.9880380e+00
   7.7000000e+00   2.0000000e+00   5.6792407e-03   1.9873795e+00
   7.8000000e+00   2.0000000e+00   3.7530215e-03   1.9916600e+00
   7.9000000e+00   2.0000000e+00   3.6048508e-03   1.9919892e+00
   8.0000000e+00   2.0000000e+00   7.3091185e-03   1.9837575e+00
   8.1000000e+00   2.0000000e+00   3.0121680e-03   1.9933063e+00
   8.2000000e+00   2.0000000e+00   3.7530215e-03   1.9916600e+00
   8.3000000e+00   2.0000000e+00   2.5676558e-03   1.9942941e+00
   8.4000000e+00   2.0000000e+00   4.1975336e-03   1.9906721e+00
   8.5000000e+00   2.0000000e+00   2.2713144e-03   1.9949526e+00
   8.6000000e+00   2.0000000e+00   3.7530215e-03   1.9916600e+00
   8.7000000e+00   2.0000000e+00   4.0493629e-03   1.9910014e+00
   8.8000000e+00   2.0000000e+00   3.3085094e-03   1.9926478e+00
   8.9000000e+00   2.0000000e+00   3.3085094e-03   1.9926478e+00
   9.0000000e+00   2.0000000e+00   3.0121680e-03   1.9933063e+00
   9.1000000e+00   2.0000000e+00   3.3085094e-03   1.9926478e+00
   9.2000000e+00   2.0000000e+00   3.6048508e-03   1.9919892e+00
   9.3000000e+00   2.0000000e+00   5.9755821e-03   1.9867209e+00
   9.4000000e+00   2.0000000e+00   5.2347286e-03   1.9883673e+00
   9.5000000e+00   2.0000000e+00   3.3085094e-03   1.9926478e+00
   9.6000000e+00   2.0000000e+00   3.9011922e-03   1.9913307e+00
   9.7000000e+00   2.0000000e+00   3.6048508e-03   1.9919892e+00
   9.8000000e+00   2.0000000e+00   5.3828993e-03   1.9880380e+00
   9.9000000e+00   2.0000000e+00   3.9011922e-03   1.9913307e+00
   1.0000000e+01   0.0000000e+00  -8.9609881e-01   1.9913307e+00
   1.0100000e+01   0.0000000e+00  -8.8113357e-01   1.9580746e+00
   1.0200000e+01   0.0000000e+00  -7.3162928e-01   1.6258429e+00
   1.0300000e+01   0.0000000e+00  -5.2833893e-01   1.1740865e+00
   1.0400000e+01   0.0000000e+00  -3.1926983e-01   7.0948850e-01
   1.0500000e+01   0.0000000e+00  -1.3479703e-01   2.9954895e-01
   1.0600000e+01   0.0000000e+00  -1.0926116e-02   2.4280257e-02
   1.0700000e+01   0.0000000e+00   3.9155669e-02  -8.7012597e-02
   1.0800000e+01   0.0000000e+00   4.1378233e-02  -9.1951629e-02
   1.0900000e+01   0.0000000e+00   4.0637378e-02  -9.0305285e-02
   1.1000000e+01   0.0000000e+00   4.0192865e-02  -8.9317479e-02
   1.1100000e+01   0.0000000e+00   4.1081891e-02  -9.1293092e-02
   1.1200000e+01   0.0000000e+00   4.2267259e-02  -9.3927242e-02
   1.1300000e+01   0.0000000e+00   4.1378233e-02  -9.1951629e-02
   1.1400000e+01   0.0000000e+00   4.0341036e-02  -8.9646748e-02
   1.1500000e+01   0.0000000e+00   4.1674575e-02  -9.2610167e-02
   1.1600000e+01   0.0000000e+00   4.1230062e-02  -9.1622360e-02
   1.1700000e+01   0.0000000e+00   3.9600182e-02  -8.8000403e-02
   1.1800000e+01   0.0000000e+00   4.2711772e-02  -9.4915048e-02
   1.1900000e+01   0.0000000e+00   4.0489207e-02  -8.9976016e-02
   1.2000000e+01   0.0000000e+00   4.0933720e-02  -9.0963823e-02
   1.2100000e+01   0.0000000e+00   4.2711772e-02  -9.4915048e-02
   1.2200000e+01   0.0000000e+00   4.1230062e-02  -9.1622360e-02
   1.2300000e+01   0.0000000e+00   4.1081891e-02  -9.1293092e-02
   1.2400000e+01   0.0000000e+00   4.0933720e-02  -9.0963823e-02
   1.2500000e+01   0.0000000e+00   4.1378233e-02  -9.1951629e-02
   1.2600000e+01   0.0000000e+00   4.0637378e-02  -9.0305285e-02
   1.2700000e+01   0.0000000e+00   4.3452627e-02  -9.6561392e-02
   1.2800000e+01   0.0000000e+00   4.1378233e-02  -9.1951629e-02
   1.2900000e+01   0.0000000e+00   4.1081891e-02  -9.1293092e-02
   1.3000000e+01   0.0000000e+00   4.3748969e-02  -9.7219930e-02
   1.3100000e+01   0.0000000e+00   4.1378233e-02  -9.1951629e-02
   1.3200000e+01   0.0000000e+00   4.1674575e-02  -9.2610167e-02
   1.3300000e+01   0.0000000e+00   4.1081891e-02  -9.1293092e-02
   1.3400000e+01   0.0000000e+00   4.1230062e-02  -9.1622360e-02
   1.3500000e+01   0.0000000e+00   4.1526404e-02  -9.2280898e-02
   1.3600000e+01   0.0000000e+00   4.1378233e-02  -9.1951629e-02
   1.3700000e+01   0.0000000e+00   4.1378233e-02  -9.1951629e-02
   1.3800000e+01   0.0000000e+00   4.3304456e-02  -9.6232124e-02
   1.3900000e+01   0.0000000e+00   4.2415430e-02  -9.4256511e-02
   1.4000000e+01   0.0000000e+00   4.0044694e-02  -8.8988210e-02
   1.4100000e+01   0.0000000e+00   4.1081891e-02  -9.1293092e-02
   1.4200000e+01   0.0000000e+00   4.1081891e-02  -9.1293092e-02
   1.4300000e+01   0.0000000e+00   4.1081891e-02  -9.1293092e-02
   1.4400000e+01   0.0000000e+00   4.1230062e-02  -9.1622360e-02
   1.4500000e+01   0.0000000e+00   4.2119088e-02  -9.3597973e-02
   1.4600000e+01   0.0000000e+00   4.1378233e-02  -9.1951629e-02
   1.4700000e+01   0.0000000e+00   4.1230062e-02  -9.1622360e-02
   1.4800000e+01   0.0000000e+00   4.1081891e-02  -9.1293092e-02
   1.4900000e+01   0.0000000e+00   4.1674575e-02  -9.2610167e-02
   1.5000000e+01   2.0000000e+00   9.4137823e-01  -9.1951629e-02
   1.5100000e+01   2.0000000e+00   9.0611354e-01  -1.3585654e-02
   1.5200000e+01   2.0000000e+00   7.3838403e-01   3.5914660e-01
   1.5300000e+01   2.0000000e+00   5.3138927e-01   8.1913497e-01
   1.5400000e+01   2.0000000e+00   3.3061775e-01   1.2652939e+00
   1.5500000e+01   2.0000000e+00   1.6940791e-01   1.6235380e+00
   1.5600000e+01   2.0000000e+00   5.9168870e-02   1.8685136e+00
   1.5700000e+01   2.0000000e+00   4.3457043e-03   1.9903429e+00
   1.5800000e+01   2.0000000e+00  -6.9209970e-04   2.0015380e+00
   1.5900000e+01   2.0000000e+00  -6.9209970e-04   2.0015380e+00
   1.6000000e+01   2.0000000e+00  -9.8844111e-04   2.0021965e+00
   1.6100000e+01   2.0000000e+00  -8.4027040e-04   2.0018673e+00
   1.6200000e+01   2.0000000e+00   1.9692454e-04   1.9995624e+00
   1.6300000e+01   2.0000000e+00  -1.4329532e-03   2.0031843e+00
   1.6400000e+01   2.0000000e+00  -8.4027040e-04   2.0018673e+00
   1.6500000e+01   2.0000000e+00  -8.4027040e-04   2.0018673e+00
   1.6600000e+01   2.0000000e+00   4.9326595e-04   1.9989039e+00
   1.6700000e+01   2.0000000e+00  -9.9416875e-05   2.0002209e+00
   1.6800000e+01   2.0000000e+00   1.9692454e-04   1.9995624e+00
   1.6900000e+01   2.0000000e+00  -1.2847825e-03   2.0028551e+00
   1.7000000e+01   2.0000000e+00  -1.2847825e-03   2.0028551e+00
   1.7100000e+01   2.0000000e+00   6.4143665e-04   1.9985746e+00
   1.7200000e+01   2.0000000e+00  -9.8844111e-04   2.0021965e+00
   1.7300000e+01   2.0000000e+00  -1.1366118e-03   2.0025258e+00
   1.7400000e+01   2.0000000e+00  -9.8844111e-04   2.0021965e+00
   1.7500000e+01   2.0000000e+00  -1.2847825e-03   2.0028551e+00
   1.7600000e+01   2.0000000e+00  -8.4027040e-04   2.0018673e+00
   1.7700000e+01   2.0000000e+00  -1.1366118e-03   2.0025258e+00
   1.7800000e+01   2.0000000e+00  -1.2847825e-03   2.0028551e+00
   1.7900000e+01   2.0000000e+00  -2.4758758e-04   2.0005502e+00
   1.8000000e+01   2.0000000e+00  -8.4027040e-04   2.0018673e+00
   1.8100000e+01   2.0000000e+00  -9.8844111e-04   2.0021965e+00
   1.8200000e+01   2.0000000e+00  -1.2847825e-03   2.0028551e+00
   1.8300000e+01   2.0000000e+00  -1.1366118e-03   2.0025258e+00
   1.8400000e+01   2.0000000e+00  -9.8844111e-04   2.0021965e+00
   1.8500000e+01   2.0000000e+00  -1.5811239e-03   2.0035136e+00
   1.8600000e+01   2.0000000e+00  -1.1366118e-03   2.0025258e+00
   1.8700000e+01   2.0000000e+00  -1.4329532e-03   2.0031843e+00
   1.8800000e+01   2.0000000e+00  -2.4758758e-04   2.0005502e+00
   1.8900000e+01   2.0000000e+00  -1.2847825e-03   2.0028551e+00
   1.9000000e+01   2.0000000e+00  -2.4758758e-04   2.0005502e+00
   1.9100000e+01   2.0000000e+00  -1.1366118e-03   2.0025258e+00
   1.9200000e+01   2.0000000e+00  -6.9209970e-04   2.0015380e+00
   1.9300000e+01   2.0000000e+00  -2.1738067e-03   2.0048307e+00
   1.9400000e+01   2.0000000e+00   1.0859488e-03   1.9975868e+00
   1.9500000e+01   2.0000000e+00  -8.4027040e-04   2.0018673e+00
   1.9600000e+01   2.0000000e+00  -1.7292946e-03   2.0038429e+00
   1.9700000e+01   2.0000000e+00  -3.9575829e-04   2.0008795e+00
   1.9800000e+01   2.0000000e+00  -1.4329532e-03   2.0031843e+00
   1.9900000e+01   2.0000000e+00  -1.8774653e-03   2.0041721e+00
   2.0000000e+01   0.0000000e+00  -9.0128478e-01   2.0028551e+00
   2.0100000e+01   0.0000000e+00  -8.8691222e-01   1.9709161e+00
   2.0200000e+01   0.0000000e+00  -7.3592624e-01   1.6353916e+00
   2.0300000e+01   0.0000000e+00  -5.3056149e-01   1.1790255e+00
   2.0400000e+01   0.0000000e+00  -3.1941800e-01   7.0981777e-01
   2.0500000e+01   0.0000000e+00  -1.3568605e-01   3.0152457e-01
   2.0600000e+01   0.0000000e+00  -1.1074287e-02   2.4609526e-02
   2.0700000e+01   0.0000000e+00   4.0341036e-02  -8.9646748e-02
   2.0800000e+01   0.0000000e+00   4.4341652e-02  -9.8537005e-02
   2.0900000e+01   0.0000000e+00   4.2415430e-02  -9.4256511e-02
   2.1000000e+01   0.0000000e+00   4.3008114e-02  -9.5573586e-02
   2.1100000e+01   0.0000000e+00   4.3156285e-02  -9.5902855e-02
   2.1200000e+01   0.0000000e+00   4.3008114e-02  -9.5573586e-02
   2.1300000e+01   0.0000000e+00   4.3600798e-02  -9.6890661e-02
   2.1400000e+01   0.0000000e+00   4.2415430e-02  -9.4256511e-02
   2.1500000e+01   0.0000000e+00   4.3008114e-02  -9.5573586e-02
   2.1600000e+01   0.0000000e+00   4.3304456e-02  -9.6232124e-02
   2.1700000e+01   0.0000000e+00   4.3452627e-02  -9.6561392e-02
   2.1800000e+01   0.0000000e+00   4.3600798e-02  -9.6890661e-02
   2.1900000e+01   0.0000000e+00   4.3600798e-02  -9.6890661e-02
   2.2000000e+01   0.0000000e+00   4.3008114e-02  -9.5573586e-02
   2.2100000e+01   0.0000000e+00   4.2711772e-02  -9.4915048e-02
   2.2200000e+01   0.0000000e+00   4.3748969e-02  -9.7219930e-02
   2.2300000e+01   0.0000000e+00   4.1822746e-02  -9.2939436e-02
   2.2400000e+01   0.0000000e+00   4.3304456e-02  -9.6232124e-02
   2.2500000e+01   0.0000000e+00   4.3156285e-02  -9.5902855e-02
   2.2600000e+01   0.0000000e+00   4.2267259e-02  -9.3927242e-02
   2.2700000e+01   0.0000000e+00   4.2859943e-02  -9.5244317e-02
   2.2800000e+01   0.0000000e+00   4.3304456e-02  -9.6232124e-02
   2.2900000e+01   0.0000000e+00   4.1378233e-02  -9.1951629e-02
   2.3000000e+01   0.0000000e+00   4.3304456e-02  -9.6232124e-02
   2.3100000e+01   0.0000000e+00   4.3156285e-02  -9.5902855e-02
   2.3200000e+01   0.0000000e+00   4.4934336e-02  -9.9854081e-02
   2.3300000e+01   0.0000000e+00   4.3304456e-02  -9.6232124e-02
   2.3400000e+01   0.0000000e+00   4.4637994e-02  -9.9195543e-02
   2.3500000e+01   0.0000000e+00   4.3008114e-02  -9.5573586e-02
   2.3600000e+01   0.0000000e+00   4.3897139e-02  -9.7549199e-02
   2.3700000e+01   0.0000000e+00   4.2563601e-02  -9.4585780e-02
   2.3800000e+01   0.0000000e+00   4.5675191e-02  -1.0150042e-01
   2.3900000e+01   0.0000000e+00   4.3304456e-02  -9.6232124e-02
   2.4000000e+01   0.0000000e+00   4.3156285e-02  -9.5902855e-02
   2.4100000e+01   0.0000000e+00   4.2711772e-02  -9.4915048e-02
   2.4200000e+01   0.0000000e+00   4.3748969e-02  -9.7219930e-02
   2.4300000e+01   0.0000000e+00   4.3008114e-02  -9.5573586e-02
   2.4400000e+01   0.0000000e+00   4.4489823e-02  -9.8866274e-02
   2.4500000e+01   0.0000000e+00   4.3156285e-02  -9.5902855e-02
   2.4600000e+01   0.0000000e+00   4.3897139e-02  -9.7549199e-02
   2.4700000e+01   0.0000000e+00   4.4193481e-02  -9.8207736e-02
   2.4800000e+01   0.0000000e+00   4.3008114e-02  -9.5573586e-02
   2.4900000e+01   0.0000000e+00   4.2119088e-02  -9.3597973e-02
   2.5000000e+01   2.0000000e+00   9.4448982e-01  -9.8866274e-02
   2.5100000e+01   2.0000000e+00   9.0152024e-01  -3.3783215e-03
   2.5200000e+01   2.0000000e+00   7.4016208e-01   3.5519537e-01
   2.5300000e+01   2.0000000e+00   5.3050024e-01   8.2111058e-01
   2.5400000e+01   2.0000000e+00   3.2691348e-01   1.2735256e+00
   2.5500000e+01   2.0000000e+00   1.6851889e-01   1.6255136e+00
   2.5600000e+01   2.0000000e+00   5.9020700e-02   1.8688429e+00
   2.5700000e+01   2.0000000e+00   3.7530215e-03   1.9916600e+00
   2.5800000e+01   2.0000000e+00  -6.9209970e-04   2.0015380e+00
   2.5900000e+01   2.0000000e+00  -2.7664896e-03   2.0061478e+00
   2.6000000e+01   2.0000000e+00  -2.7664896e-03   2.0061478e+00
   2.6100000e+01   2.0000000e+00  -3.3591724e-03   2.0074648e+00
   2.6200000e+01   2.0000000e+00  -1.5811239e-03   2.0035136e+00
   2.6300000e+01   2.0000000e+00  -2.4701482e-03   2.0054892e+00
   2.6400000e+01   2.0000000e+00  -4.1000259e-03   2.0091112e+00
   2.6500000e+01   2.0000000e+00  -3.9518552e-03   2.0087819e+00
   2.6600000e+01   2.0000000e+00  -2.7664896e-03   2.0061478e+00
   2.6700000e+01   2.0000000e+00  -2.3219774e-03   2.0051599e+00
   2.6800000e+01   2.0000000e+00  -2.4701482e-03   2.0054892e+00
   2.6900000e+01   2.0000000e+00  -3.6555138e-03   2.0081234e+00
   2.7000000e+01   2.0000000e+00  -3.0628310e-03   2.0068063e+00
   2.7100000e+01   2.0000000e+00  -2.9146603e-03   2.0064770e+00
   2.7200000e+01   2.0000000e+00  -1.7292946e-03   2.0038429e+00
   2.7300000e+01   2.0000000e+00  -1.1366118e-03   2.0025258e+00
   2.7400000e+01   2.0000000e+00  -2.6183189e-03   2.0058185e+00
   2.7500000e+01   2.0000000e+00  -2.9146603e-03   2.0064770e+00
   2.7600000e+01   2.0000000e+00  -3.2110017e-03   2.0071356e+00
   2.7700000e+01   2.0000000e+00  -3.5073431e-03   2.0077941e+00
   2.7800000e+01   2.0000000e+00  -3.0628310e-03   2.0068063e+00
   2.7900000e+01   2.0000000e+00  -1.5811239e-03   2.0035136e+00
   2.8000000e+01   2.0000000e+00  -2.6183189e-03   2.0058185e+00
   2.8100000e+01   2.0000000e+00  -2.9146603e-03   2.0064770e+00
   2.8200000e+01   2.0000000e+00  -3.2110017e-03   2.0071356e+00
   2.8300000e+01   2.0000000e+00  -2.7664896e-03   2.0061478e+00
   2.8400000e+01   2.0000000e+00  -2.9146603e-03   2.0064770e+00
   2.8500000e+01   2.0000000e+00  -3.6555138e-03   2.0081234e+00
   2.8600000e+01   2.0000000e+00  -1.4329532e-03   2.0031843e+00
   2.8700000e+01   2.0000000e+00  -3.0628310e-03   2.0068063e+00
   2.8800000e+01   2.0000000e+00  -2.9146603e-03   2.0064770e+00
   2.8900000e+01   2.0000000e+00  -3.0628310e-03   2.0068063e+00
   2.9000000e+01   2.0000000e+00  -2.9146603e-03   2.0064770e+00
   2.9100000e+01   2.0000000e+00  -3.0628310e-03   2.0068063e+00
   2.9200000e+01   2.0000000e+00  -2.7664896e-03   2.0061478e+00
   2.9300000e+01   2.0000000e+00  -3.2110017e-03   2.0071356e+00
   2.9400000e+01   2.0000000e+00  -3.2110017e-03   2.0071356e+00
   2.9500000e+01   2.0000000e+00  -3.2110017e-03   2.0071356e+00
   2.9600000e+01   2.0000000e+00  -3.3591724e-03   2.0074648e+00
   2.9700000e+01   2.0000000e+00  -2.7664896e-03   2.0061478e+00
   2.9800000e+01   2.0000000e+00  -2.4701482e-03   2.0054892e+00
   2.9900000e+01   2.0000000e+00  -3.2110017e-03   2.0071356e+00
   3.0000000e+01   0.0000000e+00  -9.0335917e-01   2.0074648e+00
   3.0100000e+01   0.0000000e+00  -8.9150552e-01   1.9811234e+00
   3.0200000e+01   0.0000000e+00  -7.4185307e-01   1.6485624e+00
   3.0300000e+01   0.0000000e+00  -5.4063711e-01   1.2014158e+00
   3.0400000e+01   0.0000000e+00  -3.2386312e-01   7.1969583e-01
   3.0500000e+01   0.0000000e+00  -1.3731593e-01   3.0514652e-01
   3.0600000e+01   0.0000000e+00  -1.0629774e-02   2.3621720e-02
   3.0700000e+01   0.0000000e+00   4.2415430e-02  -9.4256511e-02
   3.0800000e+01   0.0000000e+00   4.4341652e-02  -9.8537005e-02
   3.0900000e+01   0.0000000e+00   4.5378849e-02  -1.0084189e-01
   3.1000000e+01   0.0000000e+00   4.5378849e-02  -1.0084189e-01
   3.1100000e+01   0.0000000e+00   4.5082507e-02  -1.0018335e-01
   3.1200000e+01   0.0000000e+00   4.5823362e-02  -1.0182969e-01
   3.1300000e+01   0.0000000e+00   4.5378849e-02  -1.0084189e-01
   3.1400000e+01   0.0000000e+00   4.5230678e-02  -1.0051262e-01
   3.1500000e+01   0.0000000e+00   4.5082507e-02  -1.0018335e-01
   3.1600000e+01   0.0000000e+00   4.5230678e-02  -1.0051262e-01
   3.1700000e+01   0.0000000e+00   4.6564217e-02  -1.0347604e-01
   3.1800000e+01   0.0000000e+00   4.5527020e-02  -1.0117116e-01
   3.1900000e+01   0.0000000e+00   4.5378849e-02  -1.0084189e-01
   3.2000000e+01   0.0000000e+00   4.5230678e-02  -1.0051262e-01
   3.2100000e+01   0.0000000e+00   4.5675191e-02  -1.0150042e-01
   3.2200000e+01   0.0000000e+00   4.5527020e-02  -1.0117116e-01
   3.2300000e+01   0.0000000e+00   4.5378849e-02  -1.0084189e-01
   3.2400000e+01   0.0000000e+00   4.5082507e-02  -1.0018335e-01
   3.2500000e+01   0.0000000e+00   4.5971533e-02  -1.0215896e-01
   3.2600000e+01   0.0000000e+00   4.5675191e-02  -1.0150042e-01
   3.2700000e+01   0.0000000e+00   4.5527020e-02  -1.0117116e-01
   3.2800000e+01   0.0000000e+00   4.7008730e-02  -1.0446384e-01
   3.2900000e+01   0.0000000e+00   4.5230678e-02  -1.0051262e-01
   3.3000000e+01   0.0000000e+00   4.7008730e-02  -1.0446384e-01
   3.3100000e+01   0.0000000e+00   4.5675191e-02  -1.0150042e-01
   3.3200000e+01   0.0000000e+00   4.5527020e-02  -1.0117116e-01
   3.3300000e+01   0.0000000e+00   4.5675191e-02  -1.0150042e-01
   3.3400000e+01   0.0000000e+00   4.6119704e-02  -1.0248823e-01
   3.3500000e+01   0.0000000e+00   4.5675191e-02  -1.0150042e-01
   3.3600000e+01   0.0000000e+00   4.5230678e-02  -1.0051262e-01
   3.3700000e+01   0.0000000e+00   4.4786165e-02  -9.9524812e-02
   3.3800000e+01   0.0000000e+00   4.4341652e-02  -9.8537005e-02
   3.3900000e+01   0.0000000e+00   4.4193481e-02  -9.8207736e-02
   3.4000000e+01   0.0000000e+00   4.5675191e-02  -1.0150042e-01
   3.4100000e+01   0.0000000e+00   4.5378849e-02  -1.0084189e-01
   3.4200000e+01   0.0000000e+00   4.5527020e-02  -1.0117116e-01
   3.4300000e+01   0.0000000e+00   4.5527020e-02  -1.0117116e-01
   3.4400000e+01   0.0000000e+00   4.5378849e-02  -1.0084189e-01
   3.4500000e+01   0.0000000e+00   4.5527020e-02  -1.0117116e-01
   3.4600000e+01   0.0000000e+00   4.6712388e-02  -1.0380531e-01
   3.4700000e+01   0.0000000e+00   4.5378849e-02  -1.0084189e-01
   3.4800000e+01   0.0000000e+00   4.5378849e-02  -1.0084189e-01
   3.4900000e+01   0.0000000e+00   4.5675191e-02  -1.0150042e-01
   3.5000000e+01   2.0000000e+00   9.4508251e-01  -1.0018335e-01
   3.5100000e+01   2.0000000e+00   9.0537269e-01  -1.1939310e-02
   3.5200000e+01   2.0000000e+00   7.3912489e-01   3.5750025e-01
   3.5300000e+01   2.0000000e+00   5.1835023e-01   8.4811061e-01
   3.5400000e+01   2.0000000e+00   3.2750616e-01   1.2722085e+00
   3.5500000e+01   2.0000000e+00   1.6970425e-01   1.6228794e+00
   3.5600000e+01   2.0000000e+00   5.8131675e-02   1.8708185e+00
   3.5700000e+01   2.0000000e+00   1.6786316e-03   1.9962697e+00
   3.5800000e+01   2.0000000e+00  -3.9575829e-04   2.0008795e+00
   3.5900000e+01   2.0000000e+00  -1.1366118e-03   2.0025258e+00
   3.6000000e+01   2.0000000e+00  -2.1738067e-03   2.0048307e+00
   3.6100000e+01   2.0000000e+00  -3.8036845e-03   2.0084526e+00
   3.6200000e+01   2.0000000e+00  -3.2110017e-03   2.0071356e+00
   3.6300000e+01   2.0000000e+00  -2.9146603e-03   2.0064770e+00
   3.6400000e+01   2.0000000e+00  -4.3963673e-03   2.0097697e+00
   3.6500000e+01   2.0000000e+00  -3.2110017e-03   2.0071356e+00
   3.6600000e+01   2.0000000e+00  -2.4701482e-03   2.0054892e+00
   3.6700000e+01   2.0000000e+00  -3.0628310e-03   2.0068063e+00
   3.6800000e+01   2.0000000e+00  -6.9209970e-04   2.0015380e+00
   3.6900000e+01   2.0000000e+00  -2.7664896e-03   2.0061478e+00
   3.7000000e+01   2.0000000e+00  -2.6183189e-03   2.0058185e+00
   3.7100000e+01   2.0000000e+00  -4.1000259e-03   2.0091112e+00
   3.7200000e+01   2.0000000e+00  -2.6183189e-03   2.0058185e+00
   3.7300000e+01   2.0000000e+00  -2.9146603e-03   2.0064770e+00
   3.7400000e+01   2.0000000e+00  -2.7664896e-03   2.0061478e+00
   3.7500000e+01   2.0000000e+00  -3.2110017e-03   2.0071356e+00
   3.7600000e+01   2.0000000e+00  -3.6555138e-03   2.0081234e+00
   3.7700000e+01   2.0000000e+00  -3.6555138e-03   2.0081234e+00
   3.7800000e+01   2.0000000e+00  -2.6183189e-03   2.0058185e+00
   3.7900000e+01   2.0000000e+00  -3.0628310e-03   2.0068063e+00
   3.8000000e+01   2.0000000e+00  -3.0628310e-03   2.0068063e+00
   3.8100000e+01   2.0000000e+00  -3.3591724e-03   2.0074648e+00
   3.8200000e+01   2.0000000e+00  -3.2110017e-03   2.0071356e+00
   3.8300000e+01   2.0000000e+00  -1.5811239e-03   2.0035136e+00
   3.8400000e+01   2.0000000e+00  -6.0262450e-03   2.0133917e+00
   3.8500000e+01   2.0000000e+00  -3.0628310e-03   2.0068063e+00
   3.8600000e+01   2.0000000e+00  -1.2847825e-03   2.0028551e+00
   3.8700000e+01   2.0000000e+00  -3.2110017e-03   2.0071356e+00
   3.8800000e+01   2.0000000e+00  -3.6555138e-03   2.0081234e+00
   3.8900000e+01   2.0000000e+00  -3.3591724e-03   2.0074648e+00
   3.9000000e+01   2.0000000e+00  -3.6555138e-03   2.0081234e+00
   3.9100000e+01   2.0000000e+00  -3.6555138e-03   2.0081234e+00
   3.9200000e+01   2.0000000e+00  -3.6555138e-03   2.0081234e+00
   3.9300000e+01   2.0000000e+00  -3.3591724e-03   2.0074648e+00
   3.9400000e+01   2.0000000e+00  -3.2110017e-03   2.0071356e+00
   3.9500000e+01   2.0000000e+00  -3.2110017e-03   2.0071356e+00
   3.9600000e+01   2.0000000e+00  -3.6555138e-03   2.0081234e+00
   3.9700000e+01   2.0000000e+00  -4.5445380e-03   2.0100990e+00
   3.9800000e+01   2.0000000e+00  -2.7664896e-03   2.0061478e+00
   3.9900000e+01   2.0000000e+00  -3.6555138e-03   2.0081234e+00
   4.0000000e+01   0.0000000e+00  -9.0084027e-01   2.0018673e+00
