   0.0000000e+00   0.0000000e+00   0.0000000e+00   0.0000000e+00
   1.0000000e-01   0.0000000e+00   0.0000000e+00   0.0000000e+00
   2.0000000e-01   0.0000000e+00  -1.2883064e+00   2.8629031e+00
   3.0000000e-01   0.0000000e+00  -1.3040125e+00   2.8978055e+00
   4.0000000e-01   0.0000000e+00  -1.2850467e+00   2.8556593e+00
   5.0000000e-01   0.0000000e+00  -1.1183548e+00   2.4852329e+00
   6.0000000e-01   0.0000000e+00  -8.6705735e-01   1.9267941e+00
   7.0000000e-01   0.0000000e+00  -5.9086702e-01   1.3130378e+00
   8.0000000e-01   0.0000000e+00  -2.9911858e-01   6.6470796e-01
   9.0000000e-01   0.0000000e+00  -5.3303009e-02   1.1845113e-01
   1.0000000e+00   0.0000000e+00   1.1516737e-01  -2.5592750e-01
   1.1000000e+00   0.0000000e+00   1.6169306e-01  -3.5931791e-01
   1.2000000e+00   0.0000000e+00   1.6495282e-01  -3.6656182e-01
   1.3000000e+00   0.0000000e+00   1.6050769e-01  -3.5668376e-01
   1.4000000e+00   0.0000000e+00   1.3754119e-01  -3.0564709e-01
   1.5000000e+00   0.0000000e+00   1.1279664e-01  -2.5065920e-01
   1.6000000e+00   0.0000000e+00   8.6570377e-02  -1.9237862e-01
   1.7000000e+00   0.0000000e+00   7.6494752e-02  -1.6998834e-01
   1.8000000e+00   0.0000000e+00   7.5161213e-02  -1.6702492e-01
   1.9000000e+00   0.0000000e+00   7.5013042e-02  -1.6669565e-01
   2.0000000e+00   0.0000000e+00   7.4568529e-02  -1.6570784e-01
   2.1000000e+00   0.0000000e+00   7.6642923e-02  -1.7031761e-01
   2.2000000e+00   0.0000000e+00   7.2938649e-02  -1.6208589e-01
   2.3000000e+00   0.0000000e+00   7.5013042e-02  -1.6669565e-01
   2.4000000e+00   0.0000000e+00   7.5013042e-02  -1.6669565e-01
   2.5000000e+00   0.0000000e+00   7.5457555e-02  -1.6768346e-01
   2.6000000e+00   0.0000000e+00   7.3975845e-02  -1.6439077e-01
   2.7000000e+00   0.0000000e+00   7.6198410e-02  -1.6932980e-01
   2.8000000e+00   0.0000000e+00   7.6346581e-02  -1.6965907e-01
   2.9000000e+00   0.0000000e+00   7.8272803e-02  -1.7393956e-01
   3.0000000e+00   0.0000000e+00   7.5457555e-02  -1.6768346e-01
   3.1000000e+00   0.0000000e+00   7.3679503e-02  -1.6373223e-01
   3.2000000e+00   0.0000000e+00   7.5605726e-02  -1.6801272e-01
   3.3000000e+00   0.0000000e+00   7.4864871e-02  -1.6636638e-01
   3.4000000e+00   0.0000000e+00   7.5902068e-02  -1.6867126e-01
   3.5000000e+00   0.0000000e+00   7.6198410e-02  -1.6932980e-01
   3.6000000e+00   0.0000000e+00   7.5309384e-02  -1.6735419e-01
   3.7000000e+00   0.0000000e+00   7.6050239e-02  -1.6900053e-01
   3.8000000e+00   0.0000000e+00   7.4716700e-02  -1.6603711e-01
   3.9000000e+00   0.0000000e+00   7.5753897e-02  -1.6834199e-01
   4.0000000e+00   0.0000000e+00   7.1308768e-02  -1.5846393e-01
   4.1000000e+00   0.0000000e+00   7.3531332e-02  -1.6340296e-01
   4.2000000e+00   0.0000000e+00   7.4568529e-02  -1.6570784e-01
   4.3000000e+00   0.0000000e+00   7.7235607e-02  -1.7163468e-01
   4.4000000e+00   0.0000000e+00   7.4716700e-02  -1.6603711e-01
   4.5000000e+00   0.0000000e+00   7.5902068e-02  -1.6867126e-01
   4.6000000e+00   0.0000000e+00   7.5161213e-02  -1.6702492e-01
   4.7000000e+00   0.0000000e+00   7.5457555e-02  -1.6768346e-01
   4.8000000e+00   0.0000000e+00   7.5161213e-02  -1.6702492e-01
   4.9000000e+00   0.0000000e+00   7.5457555e-02  -1.6768346e-01
   5.0000000e+00   3.5000000e+00   1.6485313e+00  -1.6340296e-01
   5.1000000e+00   3.5000000e+00   1.5362177e+00   8.6182790e-02
   5.2000000e+00   3.5000000e+00   1.2305411e+00   7.6546418e-01
   5.3000000e+00   3.5000000e+00   8.3388779e-01   1.6469160e+00
   5.4000000e+00   3.5000000e+00   4.4375437e-01   2.5138792e+00
   5.5000000e+00   3.5000000e+00   7.5402535e-02   3.3324388e+00
   5.6000000e+00   3.5000000e+00  -1.7411623e-01   3.8869250e+00
   5.7000000e+00   3.5000000e+00  -3.0406145e-01   4.1756921e+00
   5.8000000e+00   3.5000000e+00  -3.1132178e-01   4.1918262e+00
   5.9000000e+00   3.5000000e+00  -2.8257678e-01   4.1279484e+00
   6.0000000e+00   3.5000000e+00  -2.4953485e-01   4.0545219e+00
   6.1000000e+00   3.5000000e+00  -2.0656550e-01   3.9590344e+00
   6.2000000e+00   3.5000000e+00  -1.6641138e-01   3.8698031e+00
   6.3000000e+00   3.5000000e+00  -1.3811087e-01   3.8069130e+00
   6.4000000e+00   3.5000000e+00  -1.2729444e-01   3.7828765e+00
   6.5000000e+00   3.5000000e+00  -1.2655359e-01   3.7812302e+00
   6.6000000e+00   3.5000000e+00  -1.2625725e-01   3.7805717e+00
   6.7000000e+00   3.5000000e+00  -1.2581274e-01   3.7795839e+00
   6.8000000e+00   3.5000000e+00  -1.2640542e-01   3.7809009e+00
   6.9000000e+00   3.5000000e+00  -1.2729444e-01   3.7828765e+00
   7.0000000e+00   3.5000000e+00  -1.2581274e-01   3.7795839e+00
   7.1000000e+00   3.5000000e+00  -1.2655359e-01   3.7812302e+00
   7.2000000e+00   3.5000000e+00  -1.2566457e-01   3.7792546e+00
   7.3000000e+00   3.5000000e+00  -1.2536823e-01   3.7785961e+00
   7.4000000e+00   3.5000000e+00  -1.2759078e-01   3.7835351e+00
   7.5000000e+00   3.5000000e+00  -1.2655359e-01   3.7812302e+00
   7.6000000e+00   3.5000000e+00  -1.2744261e-01   3.7832058e+00
   7.7000000e+00   3.5000000e+00  -1.2670176e-01   3.7815595e+00
   7.8000000e+00   3.5000000e+00  -1.2684993e-01   3.7818887e+00
   7.9000000e+00   3.5000000e+00  -1.2670176e-01   3.7815595e+00
   8.0000000e+00   3.5000000e+00  -1.2699810e-01   3.7822180e+00
   8.1000000e+00   3.5000000e+00  -1.2640542e-01   3.7809009e+00
   8.2000000e+00   3.5000000e+00  -1.2670176e-01   3.7815595e+00
   8.3000000e+00   3.5000000e+00  -1.2640542e-01   3.7809009e+00
   8.4000000e+00   3.5000000e+00  -1.2684993e-01   3.7818887e+00
   8.5000000e+00   3.5000000e+00  -1.2744261e-01   3.7832058e+00
   8.6000000e+00   3.5000000e+00  -1.2670176e-01   3.7815595e+00
   8.7000000e+00   3.5000000e+00  -1.2536823e-01   3.7785961e+00
   8.8000000e+00   3.5000000e+00  -1.2655359e-01   3.7812302e+00
   8.9000000e+00   3.5000000e+00  -1.2610908e-01   3.7802424e+00
   9.0000000e+00   3.5000000e+00  -1.2492372e-01   3.7776083e+00
   9.1000000e+00   3.5000000e+00  -1.2670176e-01   3.7815595e+00
   9.2000000e+00   3.5000000e+00  -1.2610908e-01   3.7802424e+00
   9.3000000e+00   3.5000000e+00  -1.2714627e-01   3.7825473e+00
   9.4000000e+00   3.5000000e+00  -1.2640542e-01   3.7809009e+00
   9.5000000e+00   3.5000000e+00  -1.2655359e-01   3.7812302e+00
   9.6000000e+00   3.5000000e+00  -1.2507189e-01   3.7779375e+00
   9.7000000e+00   3.5000000e+00  -1.2684993e-01   3.7818887e+00
   9.8000000e+00   3.5000000e+00  -1.2684993e-01   3.7818887e+00
   9.9000000e+00   3.5000000e+00  -1.2566457e-01   3.7792546e+00
   1.0000000e+01   0.0000000e+00  -1.7025908e+00   3.7835351e+00
   1.0100000e+01   0.0000000e+00  -1.5578284e+00   3.4618409e+00
   1.0200000e+01   0.0000000e+00  -1.2570424e+00   2.7934276e+00
   1.0300000e+01   0.0000000e+00  -8.5979698e-01   1.9106600e+00
   1.0400000e+01   0.0000000e+00  -4.4551142e-01   9.9002538e-01
   1.0500000e+01   0.0000000e+00  -7.8788412e-02   1.7508536e-01
   1.0600000e+01   0.0000000e+00   1.7547296e-01  -3.8993991e-01
   1.0700000e+01   0.0000000e+00   2.9386157e-01  -6.5302571e-01
   1.0800000e+01   0.0000000e+00   3.0556708e-01  -6.7903795e-01
   1.0900000e+01   0.0000000e+00   2.9593596e-01  -6.5763547e-01
   1.1000000e+01   0.0000000e+00   2.3859380e-01  -5.3020843e-01
   1.1100000e+01   0.0000000e+00   1.8495590e-01  -4.1101312e-01
   1.1200000e+01   0.0000000e+00   1.3531863e-01  -3.0070806e-01
   1.1300000e+01   0.0000000e+00   9.9461252e-02  -2.2102500e-01
   1.1400000e+01   0.0000000e+00   7.2049623e-02  -1.6011027e-01
   1.1500000e+01   0.0000000e+00   6.5381929e-02  -1.4529318e-01
   1.1600000e+01   0.0000000e+00   6.4344733e-02  -1.4298829e-01
   1.1700000e+01   0.0000000e+00   6.5381929e-02  -1.4529318e-01
   1.1800000e+01   0.0000000e+00   6.4196562e-02  -1.4265903e-01
   1.1900000e+01   0.0000000e+00   6.4641074e-02  -1.4364683e-01
   1.2000000e+01   0.0000000e+00   6.4641074e-02  -1.4364683e-01
   1.2100000e+01   0.0000000e+00   6.5233758e-02  -1.4496391e-01
   1.2200000e+01   0.0000000e+00   6.5530100e-02  -1.4562245e-01
   1.2300000e+01   0.0000000e+00   6.3603878e-02  -1.4134195e-01
   1.2400000e+01   0.0000000e+00   6.4344733e-02  -1.4298829e-01
   1.2500000e+01   0.0000000e+00   6.5233758e-02  -1.4496391e-01
   1.2600000e+01   0.0000000e+00   6.6122784e-02  -1.4693952e-01
   1.2700000e+01   0.0000000e+00   6.4789245e-02  -1.4397610e-01
   1.2800000e+01   0.0000000e+00   6.5085587e-02  -1.4463464e-01
   1.2900000e+01   0.0000000e+00   6.5381929e-02  -1.4529318e-01
   1.3000000e+01   0.0000000e+00   6.4789245e-02  -1.4397610e-01
   1.3100000e+01   0.0000000e+00   6.4492904e-02  -1.4331756e-01
   1.3200000e+01   0.0000000e+00   6.6715468e-02  -1.4825660e-01
   1.3300000e+01   0.0000000e+00   6.4937416e-02  -1.4430537e-01
   1.3400000e+01   0.0000000e+00   6.4789245e-02  -1.4397610e-01
   1.3500000e+01   0.0000000e+00   6.4048391e-02  -1.4232976e-01
   1.3600000e+01   0.0000000e+00   6.4641074e-02  -1.4364683e-01
   1.3700000e+01   0.0000000e+00   6.4789245e-02  -1.4397610e-01
   1.3800000e+01   0.0000000e+00   6.5381929e-02  -1.4529318e-01
   1.3900000e+01   0.0000000e+00   6.3159365e-02  -1.4035414e-01
   1.4000000e+01   0.0000000e+00   6.6419126e-02  -1.4759806e-01
   1.4100000e+01   0.0000000e+00   6.4048391e-02  -1.4232976e-01
   1.4200000e+01   0.0000000e+00   6.4937416e-02  -1.4430537e-01
   1.4300000e+01   0.0000000e+00   6.6270955e-02  -1.4726879e-01
   1.4400000e+01   0.0000000e+00   6.4641074e-02  -1.4364683e-01
   1.4500000e+01   0.0000000e+00   6.3900220e-02  -1.4200049e-01
   1.4600000e+01   0.0000000e+00   6.4196562e-02  -1.4265903e-01
   1.4700000e+01   0.0000000e+00   6.5233758e-02  -1.4496391e-01
   1.4800000e+01   0.0000000e+00   6.4492904e-02  -1.4331756e-01
   1.4900000e+01   0.0000000e+00   6.6715468e-02  -1.4825660e-01
   1.5000000e+01   3.5000000e+00   1.6394929e+00  -1.4331756e-01
   1.5100000e+01   3.5000000e+00   1.5256976e+00   1.0956087e-01
   1.5200000e+01   3.5000000e+00   1.2232807e+00   7.8159834e-01
   1.5300000e+01   3.5000000e+00   8.2781278e-01   1.6604160e+00
   1.5400000e+01   3.5000000e+00   4.3649401e-01   2.5300133e+00
   1.5500000e+01   3.5000000e+00   8.1181180e-02   3.3195974e+00
   1.5600000e+01   3.5000000e+00  -1.6967112e-01   3.8770469e+00
   1.5700000e+01   3.5000000e+00  -3.0465413e-01   4.1770092e+00
   1.5800000e+01   3.5000000e+00  -3.0554315e-01   4.1789848e+00
   1.5900000e+01   3.5000000e+00  -2.6138846e-01   4.0808632e+00
   1.6000000e+01   3.5000000e+00  -2.1012158e-01   3.9669369e+00
   1.6100000e+01   3.5000000e+00  -1.7204185e-01   3.8823152e+00
   1.6200000e+01   3.5000000e+00  -1.5100168e-01   3.8355593e+00
   1.6300000e+01   3.5000000e+00  -1.4611206e-01   3.8246935e+00
   1.6400000e+01   3.5000000e+00  -1.4285232e-01   3.8174496e+00
   1.6500000e+01   3.5000000e+00  -1.4463036e-01   3.8214008e+00
   1.6600000e+01   3.5000000e+00  -1.4433402e-01   3.8207423e+00
   1.6700000e+01   3.5000000e+00  -1.4477853e-01   3.8217301e+00
   1.6800000e+01   3.5000000e+00  -1.4418585e-01   3.8204130e+00
   1.6900000e+01   3.5000000e+00  -1.4300049e-01   3.8177789e+00
   1.7000000e+01   3.5000000e+00  -1.4463036e-01   3.8214008e+00
   1.7100000e+01   3.5000000e+00  -1.4463036e-01   3.8214008e+00
   1.7200000e+01   3.5000000e+00  -1.4477853e-01   3.8217301e+00
   1.7300000e+01   3.5000000e+00  -1.4329683e-01   3.8184374e+00
   1.7400000e+01   3.5000000e+00  -1.4463036e-01   3.8214008e+00
   1.7500000e+01   3.5000000e+00  -1.4463036e-01   3.8214008e+00
   1.7600000e+01   3.5000000e+00  -1.4477853e-01   3.8217301e+00
   1.7700000e+01   3.5000000e+00  -1.4492670e-01   3.8220593e+00
   1.7800000e+01   3.5000000e+00  -1.4314866e-01   3.8181081e+00
   1.7900000e+01   3.5000000e+00  -1.4463036e-01   3.8214008e+00
   1.8000000e+01   3.5000000e+00  -1.4477853e-01   3.8217301e+00
   1.8100000e+01   3.5000000e+00  -1.4492670e-01   3.8220593e+00
   1.8200000e+01   3.5000000e+00  -1.4477853e-01   3.8217301e+00
   1.8300000e+01   3.5000000e+00  -1.4507487e-01   3.8223886e+00
   1.8400000e+01   3.5000000e+00  -1.4492670e-01   3.8220593e+00
   1.8500000e+01   3.5000000e+00  -1.4477853e-01   3.8217301e+00
   1.8600000e+01   3.5000000e+00  -1.4507487e-01   3.8223886e+00
   1.8700000e+01   3.5000000e+00  -1.4477853e-01   3.8217301e+00
   1.8800000e+01   3.5000000e+00  -1.4285232e-01   3.8174496e+00
   1.8900000e+01   3.5000000e+00  -1.4314866e-01   3.8181081e+00
   1.9000000e+01   3.5000000e+00  -1.4477853e-01   3.8217301e+00
   1.9100000e+01   3.5000000e+00  -1.4300049e-01   3.8177789e+00
   1.9200000e+01   3.5000000e+00  -1.4492670e-01   3.8220593e+00
   1.9300000e+01   3.5000000e+00  -1.4477853e-01   3.8217301e+00
   1.9400000e+01   3.5000000e+00  -1.4300049e-01   3.8177789e+00
   1.9500000e+01   3.5000000e+00  -1.4477853e-01   3.8217301e+00
   1.9600000e+01   3.5000000e+00  -1.4492670e-01   3.8220593e+00
   1.9700000e+01   3.5000000e+00  -1.4463036e-01   3.8214008e+00
   1.9800000e+01   3.5000000e+00  -1.4507487e-01   3.8223886e+00
   1.9900000e+01   3.5000000e+00  -1.4611206e-01   3.8246935e+00
   2.0000000e+01   0.0000000e+00  -1.7200749e+00   3.8223886e+00
   2.0100000e+01   0.0000000e+00  -1.6053911e+00   3.5675357e+00
   2.0200000e+01   0.0000000e+00  -1.2804534e+00   2.8454520e+00
   2.0300000e+01   0.0000000e+00  -8.7090979e-01   1.9353551e+00
   2.0400000e+01   0.0000000e+00  -4.5040106e-01   1.0008912e+00
   2.0500000e+01   0.0000000e+00  -7.9677438e-02   1.7706097e-01
   2.0600000e+01   0.0000000e+00   1.8288151e-01  -4.0640335e-01
   2.0700000e+01   0.0000000e+00   3.0467805e-01  -6.7706234e-01
   2.0800000e+01   0.0000000e+00   3.1564270e-01  -7.0142823e-01
   2.0900000e+01   0.0000000e+00   3.0364085e-01  -6.7475745e-01
   2.1000000e+01   0.0000000e+00   2.4289075e-01  -5.3975723e-01
   2.1100000e+01   0.0000000e+00   1.8362236e-01  -4.0804970e-01
   2.1200000e+01   0.0000000e+00   1.3294789e-01  -2.9543976e-01
   2.1300000e+01   0.0000000e+00   9.4127097e-02  -2.0917133e-01
   2.1400000e+01   0.0000000e+00   6.9975229e-02  -1.5550051e-01
   2.1500000e+01   0.0000000e+00   6.0344116e-02  -1.3409804e-01
   2.1600000e+01   0.0000000e+00   6.0195946e-02  -1.3376877e-01
   2.1700000e+01   0.0000000e+00   5.9751433e-02  -1.3278096e-01
   2.1800000e+01   0.0000000e+00   6.0640458e-02  -1.3475657e-01
   2.1900000e+01   0.0000000e+00   6.0344116e-02  -1.3409804e-01
   2.2000000e+01   0.0000000e+00   6.2270339e-02  -1.3837853e-01
   2.2100000e+01   0.0000000e+00   6.0936800e-02  -1.3541511e-01
   2.2200000e+01   0.0000000e+00   6.0640458e-02  -1.3475657e-01
   2.2300000e+01   0.0000000e+00   6.0047775e-02  -1.3343950e-01
   2.2400000e+01   0.0000000e+00   6.0640458e-02  -1.3475657e-01
   2.2500000e+01   0.0000000e+00   6.0344116e-02  -1.3409804e-01
   2.2600000e+01   0.0000000e+00   6.1825826e-02  -1.3739072e-01
   2.2700000e+01   0.0000000e+00   6.1084971e-02  -1.3574438e-01
   2.2800000e+01   0.0000000e+00   6.1233142e-02  -1.3607365e-01
   2.2900000e+01   0.0000000e+00   6.0492287e-02  -1.3442731e-01
   2.3000000e+01   0.0000000e+00   6.0492287e-02  -1.3442731e-01
   2.3100000e+01   0.0000000e+00   5.9899604e-02  -1.3311023e-01
   2.3200000e+01   0.0000000e+00   6.0936800e-02  -1.3541511e-01
   2.3300000e+01   0.0000000e+00   6.1233142e-02  -1.3607365e-01
   2.3400000e+01   0.0000000e+00   6.0640458e-02  -1.3475657e-01
   2.3500000e+01   0.0000000e+00   6.1084971e-02  -1.3574438e-01
   2.3600000e+01   0.0000000e+00   6.0195946e-02  -1.3376877e-01
   2.3700000e+01   0.0000000e+00   6.0640458e-02  -1.3475657e-01
   2.3800000e+01   0.0000000e+00   6.2714852e-02  -1.3936634e-01
   2.3900000e+01   0.0000000e+00   6.0936800e-02  -1.3541511e-01
   2.4000000e+01   0.0000000e+00   6.2270339e-02  -1.3837853e-01
   2.4100000e+01   0.0000000e+00   6.0640458e-02  -1.3475657e-01
   2.4200000e+01   0.0000000e+00   6.0640458e-02  -1.3475657e-01
   2.4300000e+01   0.0000000e+00   6.1825826e-02  -1.3739072e-01
   2.4400000e+01   0.0000000e+00   6.0640458e-02  -1.3475657e-01
   2.4500000e+01   0.0000000e+00   5.9455091e-02  -1.3212242e-01
   2.4600000e+01   0.0000000e+00   6.2418510e-02  -1.3870780e-01
   2.4700000e+01   0.0000000e+00   6.2270339e-02  -1.3837853e-01
   2.4800000e+01   0.0000000e+00   6.1084971e-02  -1.3574438e-01
   2.4900000e+01   0.0000000e+00   6.0640458e-02  -1.3475657e-01
   2.5000000e+01   3.5000000e+00   1.6353441e+00  -1.3409804e-01
   2.5100000e+01   3.5000000e+00   1.5242159e+00   1.1285356e-01
   2.5200000e+01   3.5000000e+00   1.2244661e+00   7.7896419e-01
   2.5300000e+01   3.5000000e+00   8.1062498e-01   1.6986112e+00
   2.5400000e+01   3.5000000e+00   4.4093913e-01   2.5201353e+00
   2.5500000e+01   3.5000000e+00   8.4589098e-02   3.3120242e+00
   2.5600000e+01   3.5000000e+00  -1.6878210e-01   3.8750713e+00
   2.5700000e+01   3.5000000e+00  -2.9546758e-01   4.1565946e+00
   2.5800000e+01   3.5000000e+00  -3.0243158e-01   4.1720702e+00
   2.5900000e+01   3.5000000e+00  -2.8065057e-01   4.1236679e+00
   2.6000000e+01   3.5000000e+00  -2.4997936e-01   4.0555097e+00
   2.6100000e+01   3.5000000e+00  -2.0419478e-01   3.9537662e+00
   2.6200000e+01   3.5000000e+00  -1.6063274e-01   3.8569616e+00
   2.6300000e+01   3.5000000e+00  -1.3351759e-01   3.7967058e+00
   2.6400000e+01   3.5000000e+00  -1.2610908e-01   3.7802424e+00
   2.6500000e+01   3.5000000e+00  -1.2507189e-01   3.7779375e+00
   2.6600000e+01   3.5000000e+00  -1.2522006e-01   3.7782668e+00
   2.6700000e+01   3.5000000e+00  -1.2270116e-01   3.7726693e+00
   2.6800000e+01   3.5000000e+00  -1.2536823e-01   3.7785961e+00
   2.6900000e+01   3.5000000e+00  -1.2507189e-01   3.7779375e+00
   2.7000000e+01   3.5000000e+00  -1.2581274e-01   3.7795839e+00
   2.7100000e+01   3.5000000e+00  -1.2522006e-01   3.7782668e+00
   2.7200000e+01   3.5000000e+00  -1.2314568e-01   3.7736571e+00
   2.7300000e+01   3.5000000e+00  -1.2477555e-01   3.7772790e+00
   2.7400000e+01   3.5000000e+00  -1.2536823e-01   3.7785961e+00
   2.7500000e+01   3.5000000e+00  -1.2729444e-01   3.7828765e+00
   2.7600000e+01   3.5000000e+00  -1.2492372e-01   3.7776083e+00
   2.7700000e+01   3.5000000e+00  -1.2522006e-01   3.7782668e+00
   2.7800000e+01   3.5000000e+00  -1.2581274e-01   3.7795839e+00
   2.7900000e+01   3.5000000e+00  -1.2581274e-01   3.7795839e+00
   2.8000000e+01   3.5000000e+00  -1.2522006e-01   3.7782668e+00
   2.8100000e+01   3.5000000e+00  -1.2522006e-01   3.7782668e+00
   2.8200000e+01   3.5000000e+00  -1.2655359e-01   3.7812302e+00
   2.8300000e+01   3.5000000e+00  -1.2536823e-01   3.7785961e+00
   2.8400000e+01   3.5000000e+00  -1.2477555e-01   3.7772790e+00
   2.8500000e+01   3.5000000e+00  -1.2566457e-01   3.7792546e+00
   2.8600000e+01   3.5000000e+00  -1.2551640e-01   3.7789253e+00
   2.8700000e+01   3.5000000e+00  -1.2418287e-01   3.7759619e+00
   2.8800000e+01   3.5000000e+00  -1.2581274e-01   3.7795839e+00
   2.8900000e+01   3.5000000e+00  -1.2670176e-01   3.7815595e+00
   2.9000000e+01   3.5000000e+00  -1.2625725e-01   3.7805717e+00
   2.9100000e+01   3.5000000e+00  -1.2403470e-01   3.7756327e+00
   2.9200000e+01   3.5000000e+00  -1.2477555e-01   3.7772790e+00
   2.9300000e+01   3.5000000e+00  -1.2551640e-01   3.7789253e+00
   2.9400000e+01   3.5000000e+00  -1.2640542e-01   3.7809009e+00
   2.9500000e+01   3.5000000e+00  -1.2522006e-01   3.7782668e+00
   2.9600000e+01   3.5000000e+00  -1.2536823e-01   3.7785961e+00
   2.9700000e+01   3.5000000e+00  -1.2418287e-01   3.7759619e+00
   2.9800000e+01   3.5000000e+00  -1.2581274e-01   3.7795839e+00
   2.9900000e+01   3.5000000e+00  -1.2744261e-01   3.7832058e+00
   3.0000000e+01   0.0000000e+00  -1.7015536e+00   3.7812302e+00
   3.0100000e+01   0.0000000e+00  -1.5828692e+00   3.5174871e+00
   3.0200000e+01   0.0000000e+00  -1.2588205e+00   2.7973789e+00
   3.0300000e+01   0.0000000e+00  -8.5950064e-01   1.9100014e+00
   3.0400000e+01   0.0000000e+00  -4.4565959e-01   9.9035465e-01
   3.0500000e+01   0.0000000e+00  -8.1307318e-02   1.8068293e-01
   3.0600000e+01   0.0000000e+00   1.7725101e-01  -3.9389114e-01
   3.0700000e+01   0.0000000e+00   2.9282437e-01  -6.5072083e-01
   3.0800000e+01   0.0000000e+00   3.0719696e-01  -6.8265991e-01
   3.0900000e+01   0.0000000e+00   2.9697316e-01  -6.5994036e-01
   3.1000000e+01   0.0000000e+00   2.3874197e-01  -5.3053770e-01
   3.1100000e+01   0.0000000e+00   1.8258517e-01  -4.0574481e-01
   3.1200000e+01   0.0000000e+00   1.3398509e-01  -2.9774464e-01
   3.1300000e+01   0.0000000e+00   9.2941729e-02  -2.0653718e-01
   3.1400000e+01   0.0000000e+00   7.1308768e-02  -1.5846393e-01
   3.1500000e+01   0.0000000e+00   6.0936800e-02  -1.3541511e-01
   3.1600000e+01   0.0000000e+00   6.3307536e-02  -1.4068341e-01
   3.1700000e+01   0.0000000e+00   6.1973997e-02  -1.3771999e-01
   3.1800000e+01   0.0000000e+00   6.2122168e-02  -1.3804926e-01
   3.1900000e+01   0.0000000e+00   6.2270339e-02  -1.3837853e-01
   3.2000000e+01   0.0000000e+00   6.3159365e-02  -1.4035414e-01
   3.2100000e+01   0.0000000e+00   6.3159365e-02  -1.4035414e-01
   3.2200000e+01   0.0000000e+00   6.3159365e-02  -1.4035414e-01
   3.2300000e+01   0.0000000e+00   6.0492287e-02  -1.3442731e-01
   3.2400000e+01   0.0000000e+00   6.1084971e-02  -1.3574438e-01
   3.2500000e+01   0.0000000e+00   6.1677655e-02  -1.3706146e-01
   3.2600000e+01   0.0000000e+00   6.1973997e-02  -1.3771999e-01
   3.2700000e+01   0.0000000e+00   6.3603878e-02  -1.4134195e-01
   3.2800000e+01   0.0000000e+00   6.1677655e-02  -1.3706146e-01
   3.2900000e+01   0.0000000e+00   6.2122168e-02  -1.3804926e-01
   3.3000000e+01   0.0000000e+00   6.3752049e-02  -1.4167122e-01
   3.3100000e+01   0.0000000e+00   6.2122168e-02  -1.3804926e-01
   3.3200000e+01   0.0000000e+00   6.3455707e-02  -1.4101268e-01
   3.3300000e+01   0.0000000e+00   6.1825826e-02  -1.3739072e-01
   3.3400000e+01   0.0000000e+00   6.2566681e-02  -1.3903707e-01
   3.3500000e+01   0.0000000e+00   6.2566681e-02  -1.3903707e-01
   3.3600000e+01   0.0000000e+00   6.2863023e-02  -1.3969561e-01
   3.3700000e+01   0.0000000e+00   6.1973997e-02  -1.3771999e-01
   3.3800000e+01   0.0000000e+00   6.1825826e-02  -1.3739072e-01
   3.3900000e+01   0.0000000e+00   6.1084971e-02  -1.3574438e-01
   3.4000000e+01   0.0000000e+00   6.1529484e-02  -1.3673219e-01
   3.4100000e+01   0.0000000e+00   6.1825826e-02  -1.3739072e-01
   3.4200000e+01   0.0000000e+00   6.1973997e-02  -1.3771999e-01
   3.4300000e+01   0.0000000e+00   6.3900220e-02  -1.4200049e-01
   3.4400000e+01   0.0000000e+00   6.1677655e-02  -1.3706146e-01
   3.4500000e+01   0.0000000e+00   6.1084971e-02  -1.3574438e-01
   3.4600000e+01   0.0000000e+00   6.0640458e-02  -1.3475657e-01
   3.4700000e+01   0.0000000e+00   6.4196562e-02  -1.4265903e-01
   3.4800000e+01   0.0000000e+00   6.2566681e-02  -1.3903707e-01
   3.4900000e+01   0.0000000e+00   6.3603878e-02  -1.4134195e-01
   3.5000000e+01   3.5000000e+00   1.6369740e+00  -1.3771999e-01
   3.5100000e+01   3.5000000e+00   1.5326616e+00   9.4085240e-02
   3.5200000e+01   3.5000000e+00   1.2311338e+00   7.6414710e-01
   3.5300000e+01   3.5000000e+00   8.4129632e-01   1.6304526e+00
   3.5400000e+01   3.5000000e+00   4.5249643e-01   2.4944524e+00
   3.5500000e+01   3.5000000e+00   9.5553707e-02   3.2876584e+00
   3.5600000e+01   3.5000000e+00  -1.7870951e-01   3.8971322e+00
   3.5700000e+01   3.5000000e+00  -2.9828282e-01   4.1628507e+00
   3.5800000e+01   3.5000000e+00  -3.0835838e-01   4.1852409e+00
   3.5900000e+01   3.5000000e+00  -2.7042683e-01   4.1009485e+00
   3.6000000e+01   3.5000000e+00  -2.4094098e-01   4.0354244e+00
   3.6100000e+01   3.5000000e+00  -2.0582465e-01   3.9573881e+00
   3.6200000e+01   3.5000000e+00  -1.6626321e-01   3.8694738e+00
   3.6300000e+01   3.5000000e+00  -1.3737002e-01   3.8052667e+00
   3.6400000e+01   3.5000000e+00  -1.2803529e-01   3.7845229e+00
   3.6500000e+01   3.5000000e+00  -1.2581274e-01   3.7795839e+00
   3.6600000e+01   3.5000000e+00  -1.2596091e-01   3.7799131e+00
   3.6700000e+01   3.5000000e+00  -1.2507189e-01   3.7779375e+00
   3.6800000e+01   3.5000000e+00  -1.2581274e-01   3.7795839e+00
   3.6900000e+01   3.5000000e+00  -1.2581274e-01   3.7795839e+00
   3.7000000e+01   3.5000000e+00  -1.2699810e-01   3.7822180e+00
   3.7100000e+01   3.5000000e+00  -1.2462738e-01   3.7769497e+00
   3.7200000e+01   3.5000000e+00  -1.2462738e-01   3.7769497e+00
   3.7300000e+01   3.5000000e+00  -1.2522006e-01   3.7782668e+00
   3.7400000e+01   3.5000000e+00  -1.2403470e-01   3.7756327e+00
   3.7500000e+01   3.5000000e+00  -1.2477555e-01   3.7772790e+00
   3.7600000e+01   3.5000000e+00  -1.2536823e-01   3.7785961e+00
   3.7700000e+01   3.5000000e+00  -1.2462738e-01   3.7769497e+00
   3.7800000e+01   3.5000000e+00  -1.2536823e-01   3.7785961e+00
   3.7900000e+01   3.5000000e+00  -1.2566457e-01   3.7792546e+00
   3.8000000e+01   3.5000000e+00  -1.2566457e-01   3.7792546e+00
   3.8100000e+01   3.5000000e+00  -1.2447921e-01   3.7766205e+00
   3.8200000e+01   3.5000000e+00  -1.2507189e-01   3.7779375e+00
   3.8300000e+01   3.5000000e+00  -1.2566457e-01   3.7792546e+00
   3.8400000e+01   3.5000000e+00  -1.2492372e-01   3.7776083e+00
   3.8500000e+01   3.5000000e+00  -1.2522006e-01   3.7782668e+00
   3.8600000e+01   3.5000000e+00  -1.2536823e-01   3.7785961e+00
   3.8700000e+01   3.5000000e+00  -1.2447921e-01   3.7766205e+00
   3.8800000e+01   3.5000000e+00  -1.2640542e-01   3.7809009e+00
   3.8900000e+01   3.5000000e+00  -1.2522006e-01   3.7782668e+00
   3.9000000e+01   3.5000000e+00  -1.2566457e-01   3.7792546e+00
   3.9100000e+01   3.5000000e+00  -1.2492372e-01   3.7776083e+00
   3.9200000e+01   3.5000000e+00  -1.2581274e-01   3.7795839e+00
   3.9300000e+01   3.5000000e+00  -1.2566457e-01   3.7792546e+00
   3.9400000e+01   3.5000000e+00  -1.2714627e-01   3.7825473e+00
   3.9500000e+01   3.5000000e+00  -1.2462738e-01   3.7769497e+00
   3.9600000e+01   3.5000000e+00  -1.2551640e-01   3.7789253e+00
   3.9700000e+01   3.5000000e+00  -1.2522006e-01   3.7782668e+00
   3.9800000e+01   3.5000000e+00  -1.2462738e-01   3.7769497e+00
   3.9900000e+01   3.5000000e+00  -1.2522006e-01   3.7782668e+00
   4.0000000e+01   0.0000000e+00  -1.7000719e+00   3.7779375e+00
