   0.0000000e+00   0.0000000e+00   0.0000000e+00   0.0000000e+00
   5.0000000e-02   0.0000000e+00   0.0000000e+00   0.0000000e+00
   1.0000000e-01   1.5000000e+00   1.5941908e+00  -4.1490236e-04
   1.5000000e-01   1.5000000e+00   2.2126255e+00   1.7694881e-02
   2.0000000e-01   1.5000000e+00   2.5550301e+00   2.8835382e-01
   2.5000000e-01   1.5000000e+00   2.7733086e+00   5.6757370e-01
   3.0000000e-01   1.5000000e+00   2.8326862e+00   8.8465942e-01
   3.5000000e-01   1.5000000e+00   2.8300708e+00   1.1332572e+00
   4.0000000e-01   1.5000000e+00   2.7242503e+00   1.3795501e+00
   4.5000000e-01   1.5000000e+00   2.5529384e+00   1.5889648e+00
   5.0000000e-01   1.5000000e+00   2.3604957e+00   1.7345014e+00
   5.5000000e-01   1.5000000e+00   2.1660239e+00   1.8237331e+00
   6.0000000e-01   1.5000000e+00   1.9945021e+00   1.8556722e+00
   6.5000000e-01   1.5000000e+00   1.8426417e+00   1.8563307e+00
   7.0000000e-01   1.5000000e+00   1.7086936e+00   1.8398673e+00
   7.5000000e-01   1.5000000e+00   1.6076311e+00   1.7990380e+00
   8.0000000e-01   1.5000000e+00   1.5417632e+00   1.7414161e+00
   8.5000000e-01   1.5000000e+00   1.4888398e+00   1.6946599e+00
   9.0000000e-01   1.5000000e+00   1.4701314e+00   1.6344038e+00
   9.5000000e-01   1.5000000e+00   1.4763322e+00   1.5748063e+00
   1.0000000e+00   1.5000000e+00   1.4893201e+00   1.5326599e+00
   1.0500000e+00   1.5000000e+00   1.5093748e+00   1.5007209e+00
   1.1000000e+00   1.5000000e+00   1.5332080e+00   1.4780013e+00
   1.1500000e+00   1.5000000e+00   1.5729942e+00   1.4493550e+00
   1.2000000e+00   1.5000000e+00   1.6046639e+00   1.4398062e+00
   1.2500000e+00   1.5000000e+00   1.6253484e+00   1.4444160e+00
   1.3000000e+00   1.5000000e+00   1.6458230e+00   1.4473794e+00
   1.3500000e+00   1.5000000e+00   1.6580411e+00   1.4569282e+00
   1.4000000e+00   1.5000000e+00   1.6557057e+00   1.4763550e+00
   1.4500000e+00   1.5000000e+00   1.6608569e+00   1.4809648e+00
   1.5000000e+00   1.5000000e+00   1.6563524e+00   1.4928184e+00
   1.5500000e+00   1.5000000e+00   1.6650021e+00   1.4875501e+00
   1.6000000e+00   1.5000000e+00   1.6699435e+00   1.4878794e+00
   1.6500000e+00   1.5000000e+00   1.6687975e+00   1.4938062e+00
   1.7000000e+00   1.5000000e+00   1.6658323e+00   1.4990745e+00
   1.7500000e+00   1.5000000e+00   1.6637767e+00   1.5013794e+00
   1.8000000e+00   1.5000000e+00   1.6645898e+00   1.5000623e+00
   1.8500000e+00   1.5000000e+00   1.6621144e+00   1.5023672e+00
   1.9000000e+00   1.5000000e+00   1.6492135e+00   1.5135623e+00
   1.9500000e+00   1.5000000e+00   1.6490471e+00   1.5082940e+00
   2.0000000e+00   1.5000000e+00   1.6528689e+00   1.5013794e+00
   2.0500000e+00   1.5000000e+00   1.6473848e+00   1.5059892e+00
   2.1000000e+00   1.5000000e+00   1.6427403e+00   1.5079648e+00
   2.1500000e+00   1.5000000e+00   1.6393553e+00   1.5079648e+00
   2.2000000e+00   1.5000000e+00   1.6450663e+00   1.4994038e+00
   2.2500000e+00   1.5000000e+00   1.6404219e+00   1.5040135e+00
   2.3000000e+00   1.5000000e+00   1.6425644e+00   1.5003916e+00
   2.3500000e+00   1.5000000e+00   1.6497448e+00   1.4934770e+00
   2.4000000e+00   1.5000000e+00   1.6514676e+00   1.4944648e+00
   2.4500000e+00   1.5000000e+00   1.6548696e+00   1.4934770e+00
   2.5000000e+00   1.5000000e+00   1.6534437e+00   1.4974282e+00
   2.5500000e+00   1.5000000e+00   1.6513881e+00   1.5003916e+00
   2.6000000e+00   1.5000000e+00   1.6568192e+00   1.4951233e+00
   2.6500000e+00   1.5000000e+00   1.6431487e+00   1.5099404e+00
   2.7000000e+00   1.5000000e+00   1.6357754e+00   1.5129038e+00
   2.7500000e+00   1.5000000e+00   1.6446350e+00   1.4994038e+00
   2.8000000e+00   1.5000000e+00   1.6459380e+00   1.4984160e+00
   2.8500000e+00   1.5000000e+00   1.6417133e+00   1.5030257e+00
   2.9000000e+00   1.5000000e+00   1.6456751e+00   1.4980867e+00
   2.9500000e+00   1.5000000e+00   1.6478876e+00   1.4967696e+00
   3.0000000e+00   1.5000000e+00   1.6464618e+00   1.4994038e+00
   3.0500000e+00   1.5000000e+00   1.6484644e+00   1.4977574e+00
   3.1000000e+00   1.5000000e+00   1.6413710e+00   1.5053306e+00
   3.1500000e+00   1.5000000e+00   1.6489012e+00   1.4961111e+00
   3.2000000e+00   1.5000000e+00   1.6439069e+00   1.5023672e+00
   3.2500000e+00   1.5000000e+00   1.6453498e+00   1.5000623e+00
   3.3000000e+00   1.5000000e+00   1.6386762e+00   1.5063184e+00
   3.3500000e+00   1.5000000e+00   1.6408887e+00   1.5017087e+00
   3.4000000e+00   1.5000000e+00   1.6461099e+00   1.4961111e+00
   3.4500000e+00   1.5000000e+00   1.6358679e+00   1.5073062e+00
   3.5000000e+00   1.5000000e+00   1.6425585e+00   1.4980867e+00
   3.5500000e+00   1.5000000e+00   1.6475698e+00   1.4941355e+00
   3.6000000e+00   1.5000000e+00   1.6476133e+00   1.4964404e+00
   3.6500000e+00   1.5000000e+00   1.6501757e+00   1.4954526e+00
   3.7000000e+00   1.5000000e+00   1.6426624e+00   1.5043428e+00
   3.7500000e+00   1.5000000e+00   1.6450149e+00   1.5003916e+00
   3.8000000e+00   1.5000000e+00   1.6497464e+00   1.4957818e+00
   3.8500000e+00   1.5000000e+00   1.6392944e+00   1.5073062e+00
   3.9000000e+00   1.5000000e+00   1.6274431e+00   1.5155379e+00
   3.9500000e+00   1.5000000e+00   1.6306352e+00   1.5063184e+00
   4.0000000e+00   1.5000000e+00   1.6363462e+00   1.4984160e+00
   4.0500000e+00   1.5000000e+00   1.6384188e+00   1.4970989e+00
   4.1000000e+00   1.5000000e+00   1.6323050e+00   1.5040135e+00
   4.1500000e+00   1.5000000e+00   1.6358469e+00   1.4990745e+00
   4.2000000e+00   1.5000000e+00   1.6411381e+00   1.4944648e+00
   4.2500000e+00   1.5000000e+00   1.6354441e+00   1.5020379e+00
   4.3000000e+00   1.5000000e+00   1.6307297e+00   1.5056599e+00
   4.3500000e+00   1.5000000e+00   1.6496649e+00   1.4855745e+00
   4.4000000e+00   1.5000000e+00   1.6453003e+00   1.4954526e+00
   4.4500000e+00   1.5000000e+00   1.6381370e+00   1.5040135e+00
   4.5000000e+00   1.5000000e+00   1.6364312e+00   1.5040135e+00
   4.5500000e+00   1.5000000e+00   1.6382239e+00   1.5007209e+00
   4.6000000e+00   1.5000000e+00   1.6382674e+00   1.5003916e+00
   4.6500000e+00   1.5000000e+00   1.6346025e+00   1.5036843e+00
   4.7000000e+00   1.5000000e+00   1.6333865e+00   1.5033550e+00
   4.7500000e+00   1.5000000e+00   1.6431558e+00   1.4928184e+00
   4.8000000e+00   1.5000000e+00   1.6413101e+00   1.4974282e+00
   4.8500000e+00   1.5000000e+00   1.6434527e+00   1.4964404e+00
   4.9000000e+00   1.5000000e+00   1.6421667e+00   1.4990745e+00
   4.9500000e+00   1.5000000e+00   1.6432597e+00   1.4984160e+00
   5.0000000e+00  -1.5000000e+00  -1.5432172e+00   1.4980867e+00
   5.0500000e+00  -1.5000000e+00  -2.3220196e+00   1.0318425e+00
   5.1000000e+00  -1.5000000e+00  -2.7364901e+00   4.0919544e-01
   5.1500000e+00  -1.5000000e+00  -3.0406185e+00  -6.8244275e-02
   5.2000000e+00  -1.5000000e+00  -3.0939057e+00  -5.9079390e-01
   5.2500000e+00  -1.5000000e+00  -3.1024823e+00  -9.4640424e-01
   5.3000000e+00  -1.5000000e+00  -2.9711197e+00  -1.2914780e+00
   5.3500000e+00  -1.5000000e+00  -2.7760147e+00  -1.5585150e+00
   5.4000000e+00  -1.5000000e+00  -2.5538315e+00  -1.7442226e+00
   5.4500000e+00  -1.5000000e+00  -2.3349370e+00  -1.8525520e+00
   5.5000000e+00  -1.5000000e+00  -2.1004391e+00  -1.9322350e+00
   5.5500000e+00  -1.5000000e+00  -1.9027454e+00  -1.9454058e+00
   5.6000000e+00  -1.5000000e+00  -1.7393367e+00  -1.9210399e+00
   5.6500000e+00  -1.5000000e+00  -1.6142713e+00  -1.8703325e+00
   5.7000000e+00  -1.5000000e+00  -1.5198527e+00  -1.8110641e+00
   5.7500000e+00  -1.5000000e+00  -1.4618182e+00  -1.7412591e+00
   5.8000000e+00  -1.5000000e+00  -1.4509432e+00  -1.6549907e+00
   5.8500000e+00  -1.5000000e+00  -1.4480448e+00  -1.5957223e+00
   5.9000000e+00  -1.5000000e+00  -1.4493446e+00  -1.5562101e+00
   5.9500000e+00  -1.5000000e+00  -1.4803815e+00  -1.5045149e+00
   6.0000000e+00  -1.5000000e+00  -1.5116982e+00  -1.4732344e+00
   6.0500000e+00  -1.5000000e+00  -1.5370675e+00  -1.4600636e+00
   6.1000000e+00  -1.5000000e+00  -1.5596381e+00  -1.4547953e+00
   6.1500000e+00  -1.5000000e+00  -1.5875963e+00  -1.4465636e+00
   6.2000000e+00  -1.5000000e+00  -1.6236010e+00  -1.4340514e+00
   6.2500000e+00  -1.5000000e+00  -1.6379851e+00  -1.4468928e+00
   6.3000000e+00  -1.5000000e+00  -1.6371158e+00  -1.4689539e+00
   6.3500000e+00  -1.5000000e+00  -1.6485612e+00  -1.4706002e+00
   6.4000000e+00  -1.5000000e+00  -1.6586071e+00  -1.4729051e+00
   6.4500000e+00  -1.5000000e+00  -1.6722216e+00  -1.4709295e+00
   6.5000000e+00  -1.5000000e+00  -1.6684835e+00  -1.4860758e+00
   6.5500000e+00  -1.5000000e+00  -1.6681040e+00  -1.4920027e+00
   6.6000000e+00  -1.5000000e+00  -1.6778002e+00  -1.4860758e+00
   6.6500000e+00  -1.5000000e+00  -1.6665754e+00  -1.5022100e+00
   6.7000000e+00  -1.5000000e+00  -1.6561902e+00  -1.5111003e+00
   6.7500000e+00  -1.5000000e+00  -1.6504231e+00  -1.5120881e+00
   6.8000000e+00  -1.5000000e+00  -1.6466850e+00  -1.5107710e+00
   6.8500000e+00  -1.5000000e+00  -1.6396584e+00  -1.5130759e+00
   6.9000000e+00  -1.5000000e+00  -1.6330516e+00  -1.5140637e+00
   6.9500000e+00  -1.5000000e+00  -1.6284740e+00  -1.5127466e+00
   7.0000000e+00  -1.5000000e+00  -1.6325026e+00  -1.5038564e+00
   7.0500000e+00  -1.5000000e+00  -1.6371609e+00  -1.4979295e+00
   7.1000000e+00  -1.5000000e+00  -1.6341925e+00  -1.5015515e+00
   7.1500000e+00  -1.5000000e+00  -1.6370316e+00  -1.4982588e+00
   7.2000000e+00  -1.5000000e+00  -1.6391710e+00  -1.4969417e+00
   7.2500000e+00  -1.5000000e+00  -1.6569137e+00  -1.4814661e+00
   7.3000000e+00  -1.5000000e+00  -1.6410009e+00  -1.5038564e+00
   7.3500000e+00  -1.5000000e+00  -1.6358635e+00  -1.5071490e+00
   7.4000000e+00  -1.5000000e+00  -1.6454197e+00  -1.4952954e+00
   7.4500000e+00  -1.5000000e+00  -1.6400723e+00  -1.5022100e+00
   7.5000000e+00  -1.5000000e+00  -1.6275881e+00  -1.5130759e+00
   7.5500000e+00  -1.5000000e+00  -1.6241299e+00  -1.5111003e+00
   7.6000000e+00  -1.5000000e+00  -1.6316570e+00  -1.4995759e+00
   7.6500000e+00  -1.5000000e+00  -1.6384844e+00  -1.4933197e+00
   7.7000000e+00  -1.5000000e+00  -1.6392244e+00  -1.4952954e+00
   7.7500000e+00  -1.5000000e+00  -1.6401743e+00  -1.4962832e+00
   7.8000000e+00  -1.5000000e+00  -1.6532990e+00  -1.4854173e+00
   7.8500000e+00  -1.5000000e+00  -1.6465522e+00  -1.4976002e+00
   7.9000000e+00  -1.5000000e+00  -1.6454730e+00  -1.4995759e+00
   7.9500000e+00  -1.5000000e+00  -1.6386563e+00  -1.5061612e+00
   8.0000000e+00  -1.5000000e+00  -1.6402360e+00  -1.5022100e+00
   8.0500000e+00  -1.5000000e+00  -1.6350986e+00  -1.5061612e+00
   8.1000000e+00  -1.5000000e+00  -1.6321302e+00  -1.5064905e+00
   8.1500000e+00  -1.5000000e+00  -1.6342696e+00  -1.5018807e+00
   8.2000000e+00  -1.5000000e+00  -1.6380183e+00  -1.4976002e+00
   8.2500000e+00  -1.5000000e+00  -1.6341403e+00  -1.5022100e+00
   8.3000000e+00  -1.5000000e+00  -1.6307521e+00  -1.5045149e+00
   8.3500000e+00  -1.5000000e+00  -1.6379294e+00  -1.4959539e+00
   8.4000000e+00  -1.5000000e+00  -1.6452465e+00  -1.4906856e+00
   8.4500000e+00  -1.5000000e+00  -1.6415085e+00  -1.4979295e+00
   8.5000000e+00  -1.5000000e+00  -1.6423884e+00  -1.4979295e+00
   8.5500000e+00  -1.5000000e+00  -1.6408195e+00  -1.5002344e+00
   8.6000000e+00  -1.5000000e+00  -1.6407198e+00  -1.5002344e+00
   8.6500000e+00  -1.5000000e+00  -1.6388710e+00  -1.5018807e+00
   8.7000000e+00  -1.5000000e+00  -1.6307249e+00  -1.5087954e+00
   8.7500000e+00  -1.5000000e+00  -1.6283862e+00  -1.5074783e+00
   8.8000000e+00  -1.5000000e+00  -1.6315052e+00  -1.5015515e+00
   8.8500000e+00  -1.5000000e+00  -1.6301461e+00  -1.5022100e+00
   8.9000000e+00  -1.5000000e+00  -1.6351543e+00  -1.4966124e+00
   8.9500000e+00  -1.5000000e+00  -1.6397426e+00  -1.4936490e+00
   9.0000000e+00  -1.5000000e+00  -1.6536370e+00  -1.4831124e+00
   9.0500000e+00  -1.5000000e+00  -1.6482196e+00  -1.4949661e+00
   9.1000000e+00  -1.5000000e+00  -1.6542074e+00  -1.4913441e+00
   9.1500000e+00  -1.5000000e+00  -1.6361955e+00  -1.5117588e+00
   9.2000000e+00  -1.5000000e+00  -1.6395944e+00  -1.5038564e+00
   9.2500000e+00  -1.5000000e+00  -1.6421536e+00  -1.4999051e+00
   9.3000000e+00  -1.5000000e+00  -1.6351970e+00  -1.5064905e+00
   9.3500000e+00  -1.5000000e+00  -1.6278905e+00  -1.5107710e+00
   9.4000000e+00  -1.5000000e+00  -1.6341581e+00  -1.5005637e+00
   9.4500000e+00  -1.5000000e+00  -1.6311198e+00  -1.5031978e+00
   9.5000000e+00  -1.5000000e+00  -1.6378072e+00  -1.4956246e+00
   9.5500000e+00  -1.5000000e+00  -1.6326698e+00  -1.5022100e+00
   9.6000000e+00  -1.5000000e+00  -1.6355789e+00  -1.4985880e+00
   9.6500000e+00  -1.5000000e+00  -1.6354793e+00  -1.4992466e+00
   9.7000000e+00  -1.5000000e+00  -1.6385982e+00  -1.4966124e+00
   9.7500000e+00  -1.5000000e+00  -1.6354899e+00  -1.5008929e+00
   9.8000000e+00  -1.5000000e+00  -1.6347606e+00  -1.5012222e+00
   9.8500000e+00  -1.5000000e+00  -1.6443867e+00  -1.4916734e+00
   9.9000000e+00  -1.5000000e+00  -1.6339316e+00  -1.5048442e+00
   9.9500000e+00  -1.5000000e+00  -1.6360710e+00  -1.5008929e+00
   1.0000000e+01   1.5000000e+00   1.5626538e+00  -1.5111003e+00
   1.0050000e+01   1.5000000e+00   2.4078600e+00  -1.1021484e+00
   1.0100000e+01   1.5000000e+00   3.1128471e+00  -7.2480632e-01
   1.0150000e+01   1.5000000e+00   3.6396216e+00  -3.3067152e-01
   1.0200000e+01   1.5000000e+00   4.0083347e+00   5.4572986e-02
   1.0250000e+01   1.5000000e+00   4.2850378e+00   3.7231735e-01
   1.0300000e+01   1.5000000e+00   4.4434923e+00   6.7425675e-01
   1.0350000e+01   1.5000000e+00   4.4620776e+00   9.8706196e-01
   1.0400000e+01   1.5000000e+00   4.3977491e+00   1.2527817e+00
   1.0450000e+01   1.5000000e+00   4.1991490e+00   1.5385867e+00
   1.0500000e+01   1.5000000e+00   3.8748837e+00   1.8283429e+00
   1.0550000e+01   1.5000000e+00   3.4439150e+00   2.1026233e+00
   1.0600000e+01   1.5000000e+00   2.9555014e+00   2.3212574e+00
   1.0650000e+01   1.5000000e+00   2.4843704e+00   2.4361719e+00
   1.0700000e+01   1.5000000e+00   2.0980422e+00   2.4253061e+00
   1.0750000e+01   1.5000000e+00   1.7684594e+00   2.3653793e+00
   1.0800000e+01   1.5000000e+00   1.5259185e+00   2.2475013e+00
   1.0850000e+01   1.5000000e+00   1.3530673e+00   2.1111843e+00
   1.0900000e+01   1.5000000e+00   1.2598413e+00   1.9544526e+00
   1.0950000e+01   1.5000000e+00   1.2314772e+00   1.7993673e+00
   1.1000000e+01   1.5000000e+00   1.2147979e+00   1.6953185e+00
   1.1050000e+01   1.5000000e+00   1.2405902e+00   1.5929160e+00
   1.1100000e+01   1.5000000e+00   1.3029066e+00   1.4970989e+00
   1.1150000e+01   1.5000000e+00   1.3874033e+00   1.4187330e+00
   1.1200000e+01   1.5000000e+00   1.4502794e+00   1.3920623e+00
   1.1250000e+01   1.5000000e+00   1.5111964e+00   1.3779037e+00
   1.1300000e+01   1.5000000e+00   1.5693846e+00   1.3719769e+00
   1.1350000e+01   1.5000000e+00   1.6167975e+00   1.3785623e+00
   1.1400000e+01   1.5000000e+00   1.6516158e+00   1.3943671e+00
   1.1450000e+01   1.5000000e+00   1.6657232e+00   1.4233428e+00
   1.1500000e+01   1.5000000e+00   1.6829092e+00   1.4378306e+00
   1.1550000e+01   1.5000000e+00   1.7012847e+00   1.4454038e+00
   1.1600000e+01   1.5000000e+00   1.7083951e+00   1.4605501e+00
   1.1650000e+01   1.5000000e+00   1.7034707e+00   1.4809648e+00
   1.1700000e+01   1.5000000e+00   1.6958176e+00   1.4957818e+00
   1.1750000e+01   1.5000000e+00   1.6920127e+00   1.5010501e+00
   1.1800000e+01   1.5000000e+00   1.6856190e+00   1.5066477e+00
   1.1850000e+01   1.5000000e+00   1.6796451e+00   1.5096111e+00
   1.1900000e+01   1.5000000e+00   1.6636656e+00   1.5208062e+00
   1.1950000e+01   1.5000000e+00   1.6590211e+00   1.5168550e+00
   1.2000000e+01   1.5000000e+00   1.6515079e+00   1.5171843e+00
   1.2050000e+01   1.5000000e+00   1.6372076e+00   1.5237696e+00
   1.2100000e+01   1.5000000e+00   1.6358517e+00   1.5155379e+00
   1.2150000e+01   1.5000000e+00   1.6306475e+00   1.5142209e+00
   1.2200000e+01   1.5000000e+00   1.6368483e+00   1.5026965e+00
   1.2250000e+01   1.5000000e+00   1.6273059e+00   1.5105989e+00
   1.2300000e+01   1.5000000e+00   1.6283990e+00   1.5053306e+00
   1.2350000e+01   1.5000000e+00   1.6383781e+00   1.4938062e+00
   1.2400000e+01   1.5000000e+00   1.6434594e+00   1.4915013e+00
   1.2450000e+01   1.5000000e+00   1.6467215e+00   1.4918306e+00
   1.2500000e+01   1.5000000e+00   1.6431965e+00   1.4984160e+00
   1.2550000e+01   1.5000000e+00   1.6452691e+00   1.4970989e+00
   1.2600000e+01   1.5000000e+00   1.6496507e+00   1.4941355e+00
   1.2650000e+01   1.5000000e+00   1.6364000e+00   1.5089526e+00
   1.2700000e+01   1.5000000e+00   1.6287468e+00   1.5125745e+00
   1.2750000e+01   1.5000000e+00   1.6352975e+00   1.5013794e+00
   1.2800000e+01   1.5000000e+00   1.6406586e+00   1.4957818e+00
   1.2850000e+01   1.5000000e+00   1.6295070e+00   1.5079648e+00
   1.2900000e+01   1.5000000e+00   1.6324192e+00   1.5020379e+00
   1.2950000e+01   1.5000000e+00   1.6378504e+00   1.4961111e+00
   1.3000000e+01   1.5000000e+00   1.6419521e+00   1.4938062e+00
   1.3050000e+01   1.5000000e+00   1.6372376e+00   1.5007209e+00
   1.3100000e+01   1.5000000e+00   1.6334328e+00   1.5040135e+00
   1.3150000e+01   1.5000000e+00   1.6429222e+00   1.4934770e+00
   1.3200000e+01   1.5000000e+00   1.6362486e+00   1.5023672e+00
   1.3250000e+01   1.5000000e+00   1.6313942e+00   1.5059892e+00
   1.3300000e+01   1.5000000e+00   1.6305980e+00   1.5043428e+00
   1.3350000e+01   1.5000000e+00   1.6346998e+00   1.4987452e+00
   1.3400000e+01   1.5000000e+00   1.6366324e+00   1.4974282e+00
   1.3450000e+01   1.5000000e+00   1.6286294e+00   1.5059892e+00
   1.3500000e+01   1.5000000e+00   1.6299323e+00   1.5023672e+00
   1.3550000e+01   1.5000000e+00   1.6425703e+00   1.4895257e+00
   1.3600000e+01   1.5000000e+00   1.6417742e+00   1.4944648e+00
   1.3650000e+01   1.5000000e+00   1.6381793e+00   1.5000623e+00
   1.3700000e+01   1.5000000e+00   1.6395522e+00   1.4987452e+00
   1.3750000e+01   1.5000000e+00   1.6418347e+00   1.4970989e+00
   1.3800000e+01   1.5000000e+00   1.6455166e+00   1.4947940e+00
   1.3850000e+01   1.5000000e+00   1.6375835e+00   1.5043428e+00
   1.3900000e+01   1.5000000e+00   1.6266418e+00   1.5129038e+00
   1.3950000e+01   1.5000000e+00   1.6313033e+00   1.5033550e+00
   1.4000000e+01   1.5000000e+00   1.6344254e+00   1.4990745e+00
   1.4050000e+01   1.5000000e+00   1.6267722e+00   1.5066477e+00
   1.4100000e+01   1.5000000e+00   1.6316436e+00   1.4994038e+00
   1.4150000e+01   1.5000000e+00   1.6318970e+00   1.4994038e+00
   1.4200000e+01   1.5000000e+00   1.6342495e+00   1.4974282e+00
   1.4250000e+01   1.5000000e+00   1.6360422e+00   1.4967696e+00
   1.4300000e+01   1.5000000e+00   1.6297185e+00   1.5040135e+00
   1.4350000e+01   1.5000000e+00   1.6434060e+00   1.4895257e+00
   1.4400000e+01   1.5000000e+00   1.6398111e+00   1.4970989e+00
   1.4450000e+01   1.5000000e+00   1.6350966e+00   1.5026965e+00
   1.4500000e+01   1.5000000e+00   1.6315017e+00   1.5050013e+00
   1.4550000e+01   1.5000000e+00   1.6332245e+00   1.5013794e+00
   1.4600000e+01   1.5000000e+00   1.6357868e+00   1.4984160e+00
   1.4650000e+01   1.5000000e+00   1.6357604e+00   1.4990745e+00
   1.4700000e+01   1.5000000e+00   1.6288069e+00   1.5059892e+00
   1.4750000e+01   1.5000000e+00   1.6378065e+00   1.4951233e+00
   1.4800000e+01   1.5000000e+00   1.6398791e+00   1.4951233e+00
   1.4850000e+01   1.5000000e+00   1.6384532e+00   1.4984160e+00
   1.4900000e+01   1.5000000e+00   1.6377270e+00   1.4997331e+00
   1.4950000e+01   1.5000000e+00   1.6350417e+00   1.5023672e+00
   1.5000000e+01  -1.5000000e+00  -1.5475170e+00   1.4967696e+00
   1.5050000e+01  -1.5000000e+00  -2.3743884e+00   1.0762938e+00
   1.5100000e+01  -1.5000000e+00  -2.8644262e+00   5.0698826e-01
   1.5150000e+01  -1.5000000e+00  -3.1583390e+00  -1.9183224e-02
   1.5200000e+01  -1.5000000e+00  -3.2692112e+00  -5.0715962e-01
   1.5250000e+01  -1.5000000e+00  -3.2363658e+00  -9.3520910e-01
   1.5300000e+01  -1.5000000e+00  -3.0891200e+00  -1.2997097e+00
   1.5350000e+01  -1.5000000e+00  -2.8737239e+00  -1.5825516e+00
   1.5400000e+01  -1.5000000e+00  -2.6206841e+00  -1.7876860e+00
   1.5450000e+01  -1.5000000e+00  -2.3693237e+00  -1.9091862e+00
   1.5500000e+01  -1.5000000e+00  -2.1387441e+00  -1.9625277e+00
   1.5550000e+01  -1.5000000e+00  -1.9169808e+00  -1.9862351e+00
   1.5600000e+01  -1.5000000e+00  -1.7390184e+00  -1.9592350e+00
   1.5650000e+01  -1.5000000e+00  -1.6218597e+00  -1.8858081e+00
   1.5700000e+01  -1.5000000e+00  -1.5054705e+00  -1.8410276e+00
   1.5750000e+01  -1.5000000e+00  -1.4469463e+00  -1.7596982e+00
   1.5800000e+01  -1.5000000e+00  -1.4187889e+00  -1.6823200e+00
   1.5850000e+01  -1.5000000e+00  -1.4196688e+00  -1.6085638e+00
   1.5900000e+01  -1.5000000e+00  -1.4288052e+00  -1.5565394e+00
   1.5950000e+01  -1.5000000e+00  -1.4625009e+00  -1.5022100e+00
   1.6000000e+01  -1.5000000e+00  -1.4919984e+00  -1.4735636e+00
   1.6050000e+01  -1.5000000e+00  -1.5231752e+00  -1.4547953e+00
   1.6100000e+01  -1.5000000e+00  -1.5581304e+00  -1.4399782e+00
   1.6150000e+01  -1.5000000e+00  -1.5857387e+00  -1.4380026e+00
   1.6200000e+01  -1.5000000e+00  -1.6127873e+00  -1.4373441e+00
   1.6250000e+01  -1.5000000e+00  -1.6282210e+00  -1.4478807e+00
   1.6300000e+01  -1.5000000e+00  -1.6444243e+00  -1.4534782e+00
   1.6350000e+01  -1.5000000e+00  -1.6523012e+00  -1.4646734e+00
   1.6400000e+01  -1.5000000e+00  -1.6645162e+00  -1.4673075e+00
   1.6450000e+01  -1.5000000e+00  -1.6710637e+00  -1.4742222e+00
   1.6500000e+01  -1.5000000e+00  -1.6781710e+00  -1.4778441e+00
   1.6550000e+01  -1.5000000e+00  -1.6781413e+00  -1.4867344e+00
   1.6600000e+01  -1.5000000e+00  -1.6827297e+00  -1.4877222e+00
   1.6650000e+01  -1.5000000e+00  -1.6750034e+00  -1.4999051e+00
   1.6700000e+01  -1.5000000e+00  -1.6603501e+00  -1.5137344e+00
   1.6750000e+01  -1.5000000e+00  -1.6482157e+00  -1.5196613e+00
   1.6800000e+01  -1.5000000e+00  -1.6482560e+00  -1.5117588e+00
   1.6850000e+01  -1.5000000e+00  -1.6422090e+00  -1.5127466e+00
   1.6900000e+01  -1.5000000e+00  -1.6336430e+00  -1.5157100e+00
   1.6950000e+01  -1.5000000e+00  -1.6287155e+00  -1.5140637e+00
   1.7000000e+01  -1.5000000e+00  -1.6426798e+00  -1.4952954e+00
   1.7050000e+01  -1.5000000e+00  -1.6366327e+00  -1.5028685e+00
   1.7100000e+01  -1.5000000e+00  -1.6347139e+00  -1.5035271e+00
   1.7150000e+01  -1.5000000e+00  -1.6381128e+00  -1.4989173e+00
   1.7200000e+01  -1.5000000e+00  -1.6392726e+00  -1.4982588e+00
   1.7250000e+01  -1.5000000e+00  -1.6414120e+00  -1.4969417e+00
   1.7300000e+01  -1.5000000e+00  -1.6427118e+00  -1.4969417e+00
   1.7350000e+01  -1.5000000e+00  -1.6373645e+00  -1.5031978e+00
   1.7400000e+01  -1.5000000e+00  -1.6349558e+00  -1.5041856e+00
   1.7450000e+01  -1.5000000e+00  -1.6359757e+00  -1.5015515e+00
   1.7500000e+01  -1.5000000e+00  -1.6286693e+00  -1.5078076e+00
   1.7550000e+01  -1.5000000e+00  -1.6271003e+00  -1.5061612e+00
   1.7600000e+01  -1.5000000e+00  -1.6202836e+00  -1.5101125e+00
   1.7650000e+01  -1.5000000e+00  -1.6310293e+00  -1.4959539e+00
   1.7700000e+01  -1.5000000e+00  -1.6369470e+00  -1.4920027e+00
   1.7750000e+01  -1.5000000e+00  -1.6378969e+00  -1.4943076e+00
   1.7800000e+01  -1.5000000e+00  -1.6497621e+00  -1.4854173e+00
   1.7850000e+01  -1.5000000e+00  -1.6542105e+00  -1.4870636e+00
   1.7900000e+01  -1.5000000e+00  -1.6450149e+00  -1.5008929e+00
   1.7950000e+01  -1.5000000e+00  -1.6344898e+00  -1.5104417e+00
   1.8000000e+01  -1.5000000e+00  -1.6419469e+00  -1.4992466e+00
   1.8050000e+01  -1.5000000e+00  -1.6429668e+00  -1.4985880e+00
   1.8100000e+01  -1.5000000e+00  -1.6302726e+00  -1.5111003e+00
   1.8150000e+01  -1.5000000e+00  -1.6245055e+00  -1.5120881e+00
   1.8200000e+01  -1.5000000e+00  -1.6347614e+00  -1.4976002e+00
   1.8250000e+01  -1.5000000e+00  -1.6371807e+00  -1.4962832e+00
   1.8300000e+01  -1.5000000e+00  -1.6335126e+00  -1.5012222e+00
   1.8350000e+01  -1.5000000e+00  -1.6305442e+00  -1.5035271e+00
   1.8400000e+01  -1.5000000e+00  -1.6440887e+00  -1.4893685e+00
   1.8450000e+01  -1.5000000e+00  -1.6451086e+00  -1.4926612e+00
   1.8500000e+01  -1.5000000e+00  -1.6352832e+00  -1.5048442e+00
   1.8550000e+01  -1.5000000e+00  -1.6384721e+00  -1.4999051e+00
   1.8600000e+01  -1.5000000e+00  -1.6416611e+00  -1.4969417e+00
   1.8650000e+01  -1.5000000e+00  -1.6408618e+00  -1.4989173e+00
   1.8700000e+01  -1.5000000e+00  -1.6294271e+00  -1.5101125e+00
   1.8750000e+01  -1.5000000e+00  -1.6205813e+00  -1.5143930e+00
   1.8800000e+01  -1.5000000e+00  -1.6337059e+00  -1.4962832e+00
   1.8850000e+01  -1.5000000e+00  -1.6359852e+00  -1.4956246e+00
   1.8900000e+01  -1.5000000e+00  -1.6329469e+00  -1.5002344e+00
   1.8950000e+01  -1.5000000e+00  -1.6352962e+00  -1.4979295e+00
   1.9000000e+01  -1.5000000e+00  -1.6473713e+00  -1.4873929e+00
   1.9050000e+01  -1.5000000e+00  -1.6467819e+00  -1.4929905e+00
   1.9100000e+01  -1.5000000e+00  -1.6476619e+00  -1.4949661e+00
   1.9150000e+01  -1.5000000e+00  -1.6386061e+00  -1.5055027e+00
   1.9200000e+01  -1.5000000e+00  -1.6436143e+00  -1.4985880e+00
   1.9250000e+01  -1.5000000e+00  -1.6382670e+00  -1.5041856e+00
   1.9300000e+01  -1.5000000e+00  -1.6319401e+00  -1.5084661e+00
   1.9350000e+01  -1.5000000e+00  -1.6318404e+00  -1.5051734e+00
   1.9400000e+01  -1.5000000e+00  -1.6355891e+00  -1.4995759e+00
   1.9450000e+01  -1.5000000e+00  -1.6301718e+00  -1.5048442e+00
   1.9500000e+01  -1.5000000e+00  -1.6340605e+00  -1.4992466e+00
   1.9550000e+01  -1.5000000e+00  -1.6294828e+00  -1.5038564e+00
   1.9600000e+01  -1.5000000e+00  -1.6393889e+00  -1.4929905e+00
   1.9650000e+01  -1.5000000e+00  -1.6399190e+00  -1.4952954e+00
   1.9700000e+01  -1.5000000e+00  -1.6370206e+00  -1.4999051e+00
   1.9750000e+01  -1.5000000e+00  -1.6405594e+00  -1.4966124e+00
   1.9800000e+01  -1.5000000e+00  -1.6405997e+00  -1.4979295e+00
   1.9850000e+01  -1.5000000e+00  -1.6379812e+00  -1.5012222e+00
   1.9900000e+01  -1.5000000e+00  -1.6339632e+00  -1.5045149e+00
   1.9950000e+01  -1.5000000e+00  -1.6229484e+00  -1.5130759e+00
   2.0000000e+01   1.5000000e+00   1.5585639e+00  -1.5022100e+00
   2.0050000e+01   1.5000000e+00   2.4048897e+00  -1.0978679e+00
   2.0100000e+01   1.5000000e+00   3.0898655e+00  -7.0340384e-01
   2.0150000e+01   1.5000000e+00   3.6222375e+00  -3.2309834e-01
   2.0200000e+01   1.5000000e+00   3.9887815e+00   6.1158362e-02
   2.0250000e+01   1.5000000e+00   4.1930661e+00   4.4442720e-01
   2.0300000e+01   1.5000000e+00   4.3953915e+00   6.7623237e-01
   2.0350000e+01   1.5000000e+00   4.4418248e+00   9.6203755e-01
   2.0400000e+01   1.5000000e+00   4.3520973e+00   1.2616719e+00
   2.0450000e+01   1.5000000e+00   4.1441213e+00   1.5527453e+00
   2.0500000e+01   1.5000000e+00   3.8313310e+00   1.8260380e+00
   2.0550000e+01   1.5000000e+00   3.3967939e+00   2.1045989e+00
   2.0600000e+01   1.5000000e+00   2.8973951e+00   2.3327818e+00
   2.0650000e+01   1.5000000e+00   2.4629979e+00   2.4085134e+00
   2.0700000e+01   1.5000000e+00   2.0800284e+00   2.4055500e+00
   2.0750000e+01   1.5000000e+00   1.7724859e+00   2.3327818e+00
   2.0800000e+01   1.5000000e+00   1.5193097e+00   2.2379526e+00
   2.0850000e+01   1.5000000e+00   1.3445692e+00   2.1072331e+00
   2.0900000e+01   1.5000000e+00   1.2421773e+00   1.9607087e+00
   2.0950000e+01   1.5000000e+00   1.2087054e+00   1.8079283e+00
   2.1000000e+01   1.5000000e+00   1.2114776e+00   1.6821477e+00
   2.1050000e+01   1.5000000e+00   1.2460161e+00   1.5767819e+00
   2.1100000e+01   1.5000000e+00   1.3106415e+00   1.4852452e+00
   2.1150000e+01   1.5000000e+00   1.3788353e+00   1.4269647e+00
   2.1200000e+01   1.5000000e+00   1.4532564e+00   1.3861354e+00
   2.1250000e+01   1.5000000e+00   1.5177418e+00   1.3709891e+00
   2.1300000e+01   1.5000000e+00   1.5711721e+00   1.3723062e+00
   2.1350000e+01   1.5000000e+00   1.6201943e+00   1.3772452e+00
   2.1400000e+01   1.5000000e+00   1.6559222e+00   1.3927208e+00
   2.1450000e+01   1.5000000e+00   1.6738779e+00   1.4187330e+00
   2.1500000e+01   1.5000000e+00   1.6839270e+00   1.4417818e+00
   2.1550000e+01   1.5000000e+00   1.6974746e+00   1.4523184e+00
   2.1600000e+01   1.5000000e+00   1.7061943e+00   1.4631843e+00
   2.1650000e+01   1.5000000e+00   1.6949027e+00   1.4885379e+00
   2.1700000e+01   1.5000000e+00   1.6959258e+00   1.4921599e+00
   2.1750000e+01   1.5000000e+00   1.6894621e+00   1.5013794e+00
   2.1800000e+01   1.5000000e+00   1.6801297e+00   1.5096111e+00
   2.1850000e+01   1.5000000e+00   1.6700976e+00   1.5152087e+00
   2.1900000e+01   1.5000000e+00   1.6531384e+00   1.5250867e+00
   2.1950000e+01   1.5000000e+00   1.6498234e+00   1.5181721e+00
   2.2000000e+01   1.5000000e+00   1.6407009e+00   1.5194892e+00
   2.2050000e+01   1.5000000e+00   1.6341672e+00   1.5178428e+00
   2.2100000e+01   1.5000000e+00   1.6293828e+00   1.5152087e+00
   2.2150000e+01   1.5000000e+00   1.6309656e+00   1.5076355e+00
   2.2200000e+01   1.5000000e+00   1.6259713e+00   1.5092818e+00
   2.2250000e+01   1.5000000e+00   1.6195776e+00   1.5115867e+00
   2.2300000e+01   1.5000000e+00   1.6275976e+00   1.4994038e+00
   2.2350000e+01   1.5000000e+00   1.6337984e+00   1.4938062e+00
   2.2400000e+01   1.5000000e+00   1.6392295e+00   1.4911721e+00
   2.2450000e+01   1.5000000e+00   1.6366841e+00   1.4970989e+00
   2.2500000e+01   1.5000000e+00   1.6393165e+00   1.4957818e+00
   2.2550000e+01   1.5000000e+00   1.6428584e+00   1.4941355e+00
   2.2600000e+01   1.5000000e+00   1.6359050e+00   1.5030257e+00
   2.2650000e+01   1.5000000e+00   1.6307707e+00   1.5066477e+00
   2.2700000e+01   1.5000000e+00   1.6296947e+00   1.5050013e+00
   2.2750000e+01   1.5000000e+00   1.6352658e+00   1.4977574e+00
   2.2800000e+01   1.5000000e+00   1.6404170e+00   1.4938062e+00
   2.2850000e+01   1.5000000e+00   1.6325539e+00   1.5036843e+00
   2.2900000e+01   1.5000000e+00   1.6362358e+00   1.4987452e+00
   2.2950000e+01   1.5000000e+00   1.6427165e+00   1.4931477e+00
   2.3000000e+01   1.5000000e+00   1.6407309e+00   1.4977574e+00
   2.3050000e+01   1.5000000e+00   1.6325879e+00   1.5063184e+00
   2.3100000e+01   1.5000000e+00   1.6348005e+00   1.5017087e+00
   2.3150000e+01   1.5000000e+00   1.6379226e+00   1.4980867e+00
   2.3200000e+01   1.5000000e+00   1.6348874e+00   1.5017087e+00
   2.3250000e+01   1.5000000e+00   1.6320622e+00   1.5036843e+00
   2.3300000e+01   1.5000000e+00   1.6304964e+00   1.5036843e+00
   2.3350000e+01   1.5000000e+00   1.6355777e+00   1.4974282e+00
   2.3400000e+01   1.5000000e+00   1.6321227e+00   1.5017087e+00
   2.3450000e+01   1.5000000e+00   1.6271983e+00   1.5056599e+00
   2.3500000e+01   1.5000000e+00   1.6314400e+00   1.4994038e+00
   2.3550000e+01   1.5000000e+00   1.6390402e+00   1.4924891e+00
   2.3600000e+01   1.5000000e+00   1.6383839e+00   1.4961111e+00
   2.3650000e+01   1.5000000e+00   1.6365382e+00   1.4994038e+00
   2.3700000e+01   1.5000000e+00   1.6367916e+00   1.4994038e+00
   2.3750000e+01   1.5000000e+00   1.6398438e+00   1.4967696e+00
   2.3800000e+01   1.5000000e+00   1.6422663e+00   1.4957818e+00
   2.3850000e+01   1.5000000e+00   1.6321642e+00   1.5069770e+00
   2.3900000e+01   1.5000000e+00   1.6281494e+00   1.5079648e+00
   2.3950000e+01   1.5000000e+00   1.6300121e+00   1.5030257e+00
   2.4000000e+01   1.5000000e+00   1.6322246e+00   1.4997331e+00
   2.4050000e+01   1.5000000e+00   1.6274402e+00   1.5043428e+00
   2.4100000e+01   1.5000000e+00   1.6276936e+00   1.5023672e+00
   2.4150000e+01   1.5000000e+00   1.6361334e+00   1.4934770e+00
   2.4200000e+01   1.5000000e+00   1.6354073e+00   1.4967696e+00
   2.4250000e+01   1.5000000e+00   1.6332817e+00   1.5000623e+00
   2.4300000e+01   1.5000000e+00   1.6315060e+00   1.5017087e+00
   2.4350000e+01   1.5000000e+00   1.6321792e+00   1.5003916e+00
   2.4400000e+01   1.5000000e+00   1.6362109e+00   1.4964404e+00
   2.4450000e+01   1.5000000e+00   1.6377238e+00   1.4964404e+00
   2.4500000e+01   1.5000000e+00   1.6297907e+00   1.5053306e+00
   2.4550000e+01   1.5000000e+00   1.6289246e+00   1.5040135e+00
   2.4600000e+01   1.5000000e+00   1.6370146e+00   1.4947940e+00
   2.4650000e+01   1.5000000e+00   1.6322302e+00   1.5013794e+00
   2.4700000e+01   1.5000000e+00   1.6323436e+00   1.5007209e+00
   2.4750000e+01   1.5000000e+00   1.6320373e+00   1.5007209e+00
   2.4800000e+01   1.5000000e+00   1.6422263e+00   1.4908428e+00
   2.4850000e+01   1.5000000e+00   1.6419200e+00   1.4947940e+00
   2.4900000e+01   1.5000000e+00   1.6353863e+00   1.5030257e+00
   2.4950000e+01   1.5000000e+00   1.6344502e+00   1.5026965e+00
   2.5000000e+01  -1.5000000e+00  -1.5440502e+00   1.4931477e+00
   2.5050000e+01  -1.5000000e+00  -2.1675201e+00   8.8268381e-01
   2.5100000e+01  -1.5000000e+00  -2.6889742e+00   4.2039058e-01
   2.5150000e+01  -1.5000000e+00  -2.9362872e+00  -1.1500045e-01
   2.5200000e+01  -1.5000000e+00  -3.0249790e+00  -5.8552560e-01
   2.5250000e+01  -1.5000000e+00  -3.0228503e+00  -9.5331889e-01
   2.5300000e+01  -1.5000000e+00  -2.9056915e+00  -1.2822584e+00
   2.5350000e+01  -1.5000000e+00  -2.7284987e+00  -1.5361247e+00
   2.5400000e+01  -1.5000000e+00  -2.5182804e+00  -1.7195274e+00
   2.5450000e+01  -1.5000000e+00  -2.3021846e+00  -1.8351007e+00
   2.5500000e+01  -1.5000000e+00  -2.0960944e+00  -1.8950276e+00
   2.5550000e+01  -1.5000000e+00  -1.9054675e+00  -1.9164301e+00
   2.5600000e+01  -1.5000000e+00  -1.7561227e+00  -1.8904179e+00
   2.5650000e+01  -1.5000000e+00  -1.6363751e+00  -1.8469544e+00
   2.5700000e+01  -1.5000000e+00  -1.5302015e+00  -1.8081007e+00
   2.5750000e+01  -1.5000000e+00  -1.4695782e+00  -1.7419177e+00
   2.5800000e+01  -1.5000000e+00  -1.4552747e+00  -1.6586127e+00
   2.5850000e+01  -1.5000000e+00  -1.4480382e+00  -1.6019784e+00
   2.5900000e+01  -1.5000000e+00  -1.4515770e+00  -1.5578564e+00
   2.5950000e+01  -1.5000000e+00  -1.4791154e+00  -1.5087954e+00
   2.6000000e+01  -1.5000000e+00  -1.5121114e+00  -1.4742222e+00
   2.6050000e+01  -1.5000000e+00  -1.5353117e+00  -1.4626978e+00
   2.6100000e+01  -1.5000000e+00  -1.5588618e+00  -1.4554538e+00
   2.6150000e+01  -1.5000000e+00  -1.5914380e+00  -1.4426124e+00
   2.6200000e+01  -1.5000000e+00  -1.6151281e+00  -1.4432709e+00
   2.6250000e+01  -1.5000000e+00  -1.6283926e+00  -1.4534782e+00
   2.6300000e+01  -1.5000000e+00  -1.6383686e+00  -1.4626978e+00
   2.6350000e+01  -1.5000000e+00  -1.6412777e+00  -1.4748807e+00
   2.6400000e+01  -1.5000000e+00  -1.6593002e+00  -1.4679661e+00
   2.6450000e+01  -1.5000000e+00  -1.6764131e+00  -1.4646734e+00
   2.6500000e+01  -1.5000000e+00  -1.6879285e+00  -1.4679661e+00
   2.6550000e+01  -1.5000000e+00  -1.6875490e+00  -1.4811368e+00
   2.6600000e+01  -1.5000000e+00  -1.6955658e+00  -1.4811368e+00
   2.6650000e+01  -1.5000000e+00  -1.6895888e+00  -1.4943076e+00
   2.6700000e+01  -1.5000000e+00  -1.6787138e+00  -1.5068198e+00
   2.6750000e+01  -1.5000000e+00  -1.6677689e+00  -1.5143930e+00
   2.6800000e+01  -1.5000000e+00  -1.6557045e+00  -1.5199905e+00
   2.6850000e+01  -1.5000000e+00  -1.6465088e+00  -1.5206491e+00
   2.6900000e+01  -1.5000000e+00  -1.6387825e+00  -1.5196613e+00
   2.6950000e+01  -1.5000000e+00  -1.6402222e+00  -1.5104417e+00
   2.7000000e+01  -1.5000000e+00  -1.6347350e+00  -1.5114295e+00
   2.7050000e+01  -1.5000000e+00  -1.6344254e+00  -1.5071490e+00
   2.7100000e+01  -1.5000000e+00  -1.6422324e+00  -1.4969417e+00
   2.7150000e+01  -1.5000000e+00  -1.6365352e+00  -1.5035271e+00
   2.7200000e+01  -1.5000000e+00  -1.6469310e+00  -1.4923319e+00
   2.7250000e+01  -1.5000000e+00  -1.6421434e+00  -1.4999051e+00
   2.7300000e+01  -1.5000000e+00  -1.6376357e+00  -1.5041856e+00
   2.7350000e+01  -1.5000000e+00  -1.6372562e+00  -1.5028685e+00
   2.7400000e+01  -1.5000000e+00  -1.6451332e+00  -1.4943076e+00
   2.7450000e+01  -1.5000000e+00  -1.6377567e+00  -1.5035271e+00
   2.7500000e+01  -1.5000000e+00  -1.6345085e+00  -1.5051734e+00
   2.7550000e+01  -1.5000000e+00  -1.6218143e+00  -1.5150515e+00
   2.7600000e+01  -1.5000000e+00  -1.6388572e+00  -1.4929905e+00
   2.7650000e+01  -1.5000000e+00  -1.6435855e+00  -1.4913441e+00
   2.7700000e+01  -1.5000000e+00  -1.6343199e+00  -1.5035271e+00
   2.7750000e+01  -1.5000000e+00  -1.6408674e+00  -1.4959539e+00
   2.7800000e+01  -1.5000000e+00  -1.6576305e+00  -1.4817953e+00
   2.7850000e+01  -1.5000000e+00  -1.6583705e+00  -1.4883807e+00
   2.7900000e+01  -1.5000000e+00  -1.6517637e+00  -1.4992466e+00
   2.7950000e+01  -1.5000000e+00  -1.6405389e+00  -1.5101125e+00
   2.8000000e+01  -1.5000000e+00  -1.6425384e+00  -1.5041856e+00
   2.8050000e+01  -1.5000000e+00  -1.6481063e+00  -1.4972710e+00
   2.8100000e+01  -1.5000000e+00  -1.6384208e+00  -1.5074783e+00
   2.8150000e+01  -1.5000000e+00  -1.6310444e+00  -1.5114295e+00
   2.8200000e+01  -1.5000000e+00  -1.6380817e+00  -1.5002344e+00
   2.8250000e+01  -1.5000000e+00  -1.6344836e+00  -1.5035271e+00
   2.8300000e+01  -1.5000000e+00  -1.6399815e+00  -1.4969417e+00
   2.8350000e+01  -1.5000000e+00  -1.6318354e+00  -1.5058320e+00
   2.8400000e+01  -1.5000000e+00  -1.6426510e+00  -1.4933197e+00
   2.8450000e+01  -1.5000000e+00  -1.6514376e+00  -1.4877222e+00
   2.8500000e+01  -1.5000000e+00  -1.6398629e+00  -1.5035271e+00
   2.8550000e+01  -1.5000000e+00  -1.6334660e+00  -1.5081368e+00
   2.8600000e+01  -1.5000000e+00  -1.6370048e+00  -1.5015515e+00
   2.8650000e+01  -1.5000000e+00  -1.6398439e+00  -1.4982588e+00
   2.8700000e+01  -1.5000000e+00  -1.6314879e+00  -1.5068198e+00
   2.8750000e+01  -1.5000000e+00  -1.6156451e+00  -1.5190027e+00
   2.8800000e+01  -1.5000000e+00  -1.6257611e+00  -1.5018807e+00
   2.8850000e+01  -1.5000000e+00  -1.6400052e+00  -1.4877222e+00
   2.8900000e+01  -1.5000000e+00  -1.6424245e+00  -1.4903563e+00
   2.8950000e+01  -1.5000000e+00  -1.6458234e+00  -1.4910149e+00
   2.9000000e+01  -1.5000000e+00  -1.6534904e+00  -1.4873929e+00
   2.9050000e+01  -1.5000000e+00  -1.6553499e+00  -1.4906856e+00
   2.9100000e+01  -1.5000000e+00  -1.6470639e+00  -1.5022100e+00
   2.9150000e+01  -1.5000000e+00  -1.6419264e+00  -1.5061612e+00
   2.9200000e+01  -1.5000000e+00  -1.6400076e+00  -1.5055027e+00
   2.9250000e+01  -1.5000000e+00  -1.6453656e+00  -1.4982588e+00
   2.9300000e+01  -1.5000000e+00  -1.6300126e+00  -1.5134051e+00
   2.9350000e+01  -1.5000000e+00  -1.6208170e+00  -1.5166978e+00
   2.9400000e+01  -1.5000000e+00  -1.6298134e+00  -1.5015515e+00
   2.9450000e+01  -1.5000000e+00  -1.6305534e+00  -1.5002344e+00
   2.9500000e+01  -1.5000000e+00  -1.6290544e+00  -1.5015515e+00
   2.9550000e+01  -1.5000000e+00  -1.6259461e+00  -1.5038564e+00
   2.9600000e+01  -1.5000000e+00  -1.6379512e+00  -1.4910149e+00
   2.9650000e+01  -1.5000000e+00  -1.6403705e+00  -1.4923319e+00
   2.9700000e+01  -1.5000000e+00  -1.6313847e+00  -1.5038564e+00
   2.9750000e+01  -1.5000000e+00  -1.6335941e+00  -1.5002344e+00
   2.9800000e+01  -1.5000000e+00  -1.6411912e+00  -1.4929905e+00
   2.9850000e+01  -1.5000000e+00  -1.6434705e+00  -1.4936490e+00
   2.9900000e+01  -1.5000000e+00  -1.6307764e+00  -1.5081368e+00
   2.9950000e+01  -1.5000000e+00  -1.6182222e+00  -1.5166978e+00
   3.0000000e+01   1.5000000e+00   1.5571328e+00  -1.4985880e+00
   3.0050000e+01   1.5000000e+00   2.4071669e+00  -1.0991850e+00
   3.0100000e+01   1.5000000e+00   3.0979502e+00  -7.0965995e-01
   3.0150000e+01   1.5000000e+00   3.6231853e+00  -3.2013492e-01
   3.0200000e+01   1.5000000e+00   4.0010645e+00   5.2268105e-02
   3.0250000e+01   1.5000000e+00   4.2741991e+00   3.7429296e-01
   3.0300000e+01   1.5000000e+00   4.4384611e+00   6.6997626e-01
   3.0350000e+01   1.5000000e+00   4.4263298e+00   1.0134035e+00
   3.0400000e+01   1.5000000e+00   4.3249174e+00   1.3034890e+00
   3.0450000e+01   1.5000000e+00   4.0858749e+00   1.6070746e+00
   3.0500000e+01   1.5000000e+00   3.8112181e+00   1.8227453e+00
   3.0550000e+01   1.5000000e+00   3.3840277e+00   2.0957087e+00
   3.0600000e+01   1.5000000e+00   2.9027510e+00   2.3103915e+00
   3.0650000e+01   1.5000000e+00   2.4666746e+00   2.3966598e+00
   3.0700000e+01   1.5000000e+00   2.0901422e+00   2.3923793e+00
   3.0750000e+01   1.5000000e+00   1.7731538e+00   2.3337696e+00
   3.0800000e+01   1.5000000e+00   1.5510441e+00   2.2093062e+00
   3.0850000e+01   1.5000000e+00   1.3688869e+00   2.0970258e+00
   3.0900000e+01   1.5000000e+00   1.2610373e+00   1.9597209e+00
   3.0950000e+01   1.5000000e+00   1.2269357e+00   1.8079283e+00
   3.1000000e+01   1.5000000e+00   1.2258596e+00   1.6857697e+00
   3.1050000e+01   1.5000000e+00   1.2557101e+00   1.5833672e+00
   3.1100000e+01   1.5000000e+00   1.3066914e+00   1.5020379e+00
   3.1150000e+01   1.5000000e+00   1.3792933e+00   1.4328916e+00
   3.1200000e+01   1.5000000e+00   1.4455980e+00   1.3973306e+00
   3.1250000e+01   1.5000000e+00   1.5095237e+00   1.3782330e+00
   3.1300000e+01   1.5000000e+00   1.5640734e+00   1.3755988e+00
   3.1350000e+01   1.5000000e+00   1.6081977e+00   1.3838306e+00
   3.1400000e+01   1.5000000e+00   1.6435758e+00   1.3970013e+00
   3.1450000e+01   1.5000000e+00   1.6635606e+00   1.4193915e+00
   3.1500000e+01   1.5000000e+00   1.6778779e+00   1.4381599e+00
   3.1550000e+01   1.5000000e+00   1.6905159e+00   1.4510013e+00
   3.1600000e+01   1.5000000e+00   1.6994455e+00   1.4621964e+00
   3.1650000e+01   1.5000000e+00   1.6906728e+00   1.4855745e+00
   3.1700000e+01   1.5000000e+00   1.6929553e+00   1.4891965e+00
   3.1750000e+01   1.5000000e+00   1.6828532e+00   1.5030257e+00
   3.1800000e+01   1.5000000e+00   1.6766694e+00   1.5076355e+00
   3.1850000e+01   1.5000000e+00   1.6685265e+00   1.5122453e+00
   3.1900000e+01   1.5000000e+00   1.6507277e+00   1.5240989e+00
   3.1950000e+01   1.5000000e+00   1.6530802e+00   1.5122453e+00
   3.2000000e+01   1.5000000e+00   1.6450772e+00   1.5148794e+00
   3.2050000e+01   1.5000000e+00   1.6328060e+00   1.5204770e+00
   3.2100000e+01   1.5000000e+00   1.6290012e+00   1.5158672e+00
   3.2150000e+01   1.5000000e+00   1.6226075e+00   1.5155379e+00
   3.2200000e+01   1.5000000e+00   1.6244002e+00   1.5076355e+00
   3.2250000e+01   1.5000000e+00   1.6190560e+00   1.5096111e+00
   3.2300000e+01   1.5000000e+00   1.6254667e+00   1.4997331e+00
   3.2350000e+01   1.5000000e+00   1.6283790e+00   1.4970989e+00
   3.2400000e+01   1.5000000e+00   1.6317110e+00   1.4951233e+00
   3.2450000e+01   1.5000000e+00   1.6386815e+00   1.4905135e+00
   3.2500000e+01   1.5000000e+00   1.6402643e+00   1.4928184e+00
   3.2550000e+01   1.5000000e+00   1.6349201e+00   1.5007209e+00
   3.2600000e+01   1.5000000e+00   1.6405612e+00   1.4951233e+00
   3.2650000e+01   1.5000000e+00   1.6370362e+00   1.5003916e+00
   3.2700000e+01   1.5000000e+00   1.6253248e+00   1.5112574e+00
   3.2750000e+01   1.5000000e+00   1.6327851e+00   1.4997331e+00
   3.2800000e+01   1.5000000e+00   1.6314991e+00   1.5010501e+00
   3.2850000e+01   1.5000000e+00   1.6310528e+00   1.5010501e+00
   3.2900000e+01   1.5000000e+00   1.6316561e+00   1.5000623e+00
   3.2950000e+01   1.5000000e+00   1.6333788e+00   1.4984160e+00
   3.3000000e+01   1.5000000e+00   1.6410490e+00   1.4918306e+00
   3.3050000e+01   1.5000000e+00   1.6375240e+00   1.4984160e+00
   3.3100000e+01   1.5000000e+00   1.6287514e+00   1.5073062e+00
   3.3150000e+01   1.5000000e+00   1.6361416e+00   1.4974282e+00
   3.3200000e+01   1.5000000e+00   1.6403833e+00   1.4944648e+00
   3.3250000e+01   1.5000000e+00   1.6273425e+00   1.5089526e+00
   3.3300000e+01   1.5000000e+00   1.6256367e+00   1.5069770e+00
   3.3350000e+01   1.5000000e+00   1.6289688e+00   1.5010501e+00
   3.3400000e+01   1.5000000e+00   1.6355194e+00   1.4944648e+00
   3.3450000e+01   1.5000000e+00   1.6284260e+00   1.5033550e+00
   3.3500000e+01   1.5000000e+00   1.6238515e+00   1.5063184e+00
   3.3550000e+01   1.5000000e+00   1.6365595e+00   1.4918306e+00
   3.3600000e+01   1.5000000e+00   1.6372327e+00   1.4944648e+00
   3.3650000e+01   1.5000000e+00   1.6374861e+00   1.4964404e+00
   3.3700000e+01   1.5000000e+00   1.6344509e+00   1.5007209e+00
   3.3750000e+01   1.5000000e+00   1.6376430e+00   1.4974282e+00
   3.3800000e+01   1.5000000e+00   1.6429342e+00   1.4934770e+00
   3.3850000e+01   1.5000000e+00   1.6327621e+00   1.5056599e+00
   3.3900000e+01   1.5000000e+00   1.6226600e+00   1.5129038e+00
   3.3950000e+01   1.5000000e+00   1.6329191e+00   1.4980867e+00
   3.4000000e+01   1.5000000e+00   1.6354815e+00   1.4964404e+00
   3.4050000e+01   1.5000000e+00   1.6264989e+00   1.5063184e+00
   3.4100000e+01   1.5000000e+00   1.6301108e+00   1.5003916e+00
   3.4150000e+01   1.5000000e+00   1.6323933e+00   1.4980867e+00
   3.4200000e+01   1.5000000e+00   1.6405533e+00   1.4911721e+00
   3.4250000e+01   1.5000000e+00   1.6348593e+00   1.5000623e+00
   3.4300000e+01   1.5000000e+00   1.6285355e+00   1.5059892e+00
   3.4350000e+01   1.5000000e+00   1.6385846e+00   1.4941355e+00
   3.4400000e+01   1.5000000e+00   1.6344299e+00   1.5003916e+00
   3.4450000e+01   1.5000000e+00   1.6297155e+00   1.5046721e+00
   3.4500000e+01   1.5000000e+00   1.6340271e+00   1.4987452e+00
   3.4550000e+01   1.5000000e+00   1.6314118e+00   1.5017087e+00
   3.4600000e+01   1.5000000e+00   1.6415309e+00   1.4915013e+00
   3.4650000e+01   1.5000000e+00   1.6290498e+00   1.5066477e+00
   3.4700000e+01   1.5000000e+00   1.6244753e+00   1.5082940e+00
   3.4750000e+01   1.5000000e+00   1.6363436e+00   1.4938062e+00
   3.4800000e+01   1.5000000e+00   1.6396757e+00   1.4931477e+00
   3.4850000e+01   1.5000000e+00   1.6355910e+00   1.4997331e+00
   3.4900000e+01   1.5000000e+00   1.6336053e+00   1.5017087e+00
   3.4950000e+01   1.5000000e+00   1.6346284e+00   1.5000623e+00
   3.5000000e+01  -1.5000000e+00  -1.5459011e+00   1.4934770e+00
   3.5050000e+01  -1.5000000e+00  -2.2377313e+00   9.4722046e-01
   3.5100000e+01  -1.5000000e+00  -2.7092971e+00   4.1215886e-01
   3.5150000e+01  -1.5000000e+00  -2.9751521e+00  -1.0248823e-01
   3.5200000e+01  -1.5000000e+00  -3.0803567e+00  -5.6247678e-01
   3.5250000e+01  -1.5000000e+00  -3.0491906e+00  -9.6681891e-01
   3.5300000e+01  -1.5000000e+00  -2.9238453e+00  -1.2980633e+00
   3.5350000e+01  -1.5000000e+00  -2.7367869e+00  -1.5548930e+00
   3.5400000e+01  -1.5000000e+00  -2.5206911e+00  -1.7363201e+00
   3.5450000e+01  -1.5000000e+00  -2.3180994e+00  -1.8324666e+00
   3.5500000e+01  -1.5000000e+00  -2.1057820e+00  -1.8993081e+00
   3.5550000e+01  -1.5000000e+00  -1.9080882e+00  -1.9256496e+00
   3.5600000e+01  -1.5000000e+00  -1.7509767e+00  -1.9032594e+00
   3.5650000e+01  -1.5000000e+00  -1.6243720e+00  -1.8611130e+00
   3.5700000e+01  -1.5000000e+00  -1.5328221e+00  -1.8028324e+00
   3.5750000e+01  -1.5000000e+00  -1.4737381e+00  -1.7373079e+00
   3.5800000e+01  -1.5000000e+00  -1.4494990e+00  -1.6651981e+00
   3.5850000e+01  -1.5000000e+00  -1.4503090e+00  -1.5983565e+00
   3.5900000e+01  -1.5000000e+00  -1.4522385e+00  -1.5571979e+00
   3.5950000e+01  -1.5000000e+00  -1.4765583e+00  -1.5114295e+00
   3.6000000e+01  -1.5000000e+00  -1.5150819e+00  -1.4706002e+00
   3.6050000e+01  -1.5000000e+00  -1.5352734e+00  -1.4633563e+00
   3.6100000e+01  -1.5000000e+00  -1.5630917e+00  -1.4518319e+00
   3.6150000e+01  -1.5000000e+00  -1.5881112e+00  -1.4475514e+00
   3.6200000e+01  -1.5000000e+00  -1.6128508e+00  -1.4452465e+00
   3.6250000e+01  -1.5000000e+00  -1.6291241e+00  -1.4518319e+00
   3.6300000e+01  -1.5000000e+00  -1.6296542e+00  -1.4706002e+00
   3.6350000e+01  -1.5000000e+00  -1.6498457e+00  -1.4633563e+00
   3.6400000e+01  -1.5000000e+00  -1.6699673e+00  -1.4590758e+00
   3.6450000e+01  -1.5000000e+00  -1.6702176e+00  -1.4752100e+00
   3.6500000e+01  -1.5000000e+00  -1.6779545e+00  -1.4778441e+00
   3.6550000e+01  -1.5000000e+00  -1.6765255e+00  -1.4880514e+00
   3.6600000e+01  -1.5000000e+00  -1.6826532e+00  -1.4870636e+00
   3.6650000e+01  -1.5000000e+00  -1.6769560e+00  -1.4976002e+00
   3.6700000e+01  -1.5000000e+00  -1.6664309e+00  -1.5084661e+00
   3.6750000e+01  -1.5000000e+00  -1.6547863e+00  -1.5160393e+00
   3.6800000e+01  -1.5000000e+00  -1.6444711e+00  -1.5193320e+00
   3.6850000e+01  -1.5000000e+00  -1.6401034e+00  -1.5157100e+00
   3.6900000e+01  -1.5000000e+00  -1.6316774e+00  -1.5173564e+00
   3.6950000e+01  -1.5000000e+00  -1.6312979e+00  -1.5107710e+00
   3.7000000e+01  -1.5000000e+00  -1.6351165e+00  -1.5028685e+00
   3.7050000e+01  -1.5000000e+00  -1.6384454e+00  -1.4985880e+00
   3.7100000e+01  -1.5000000e+00  -1.6341476e+00  -1.5031978e+00
   3.7150000e+01  -1.5000000e+00  -1.6348877e+00  -1.5012222e+00
   3.7200000e+01  -1.5000000e+00  -1.6424147e+00  -1.4936490e+00
   3.7250000e+01  -1.5000000e+00  -1.6342686e+00  -1.5038564e+00
   3.7300000e+01  -1.5000000e+00  -1.6343789e+00  -1.5022100e+00
   3.7350000e+01  -1.5000000e+00  -1.6337895e+00  -1.5018807e+00
   3.7400000e+01  -1.5000000e+00  -1.6371884e+00  -1.4979295e+00
   3.7450000e+01  -1.5000000e+00  -1.6335203e+00  -1.5022100e+00
   3.7500000e+01  -1.5000000e+00  -1.6241847e+00  -1.5101125e+00
   3.7550000e+01  -1.5000000e+00  -1.6265340e+00  -1.5038564e+00
   3.7600000e+01  -1.5000000e+00  -1.6371397e+00  -1.4923319e+00
   3.7650000e+01  -1.5000000e+00  -1.6365503e+00  -1.4959539e+00
   3.7700000e+01  -1.5000000e+00  -1.6372204e+00  -1.4969417e+00
   3.7750000e+01  -1.5000000e+00  -1.6448174e+00  -1.4910149e+00
   3.7800000e+01  -1.5000000e+00  -1.6531841e+00  -1.4867344e+00
   3.7850000e+01  -1.5000000e+00  -1.6402801e+00  -1.5041856e+00
   3.7900000e+01  -1.5000000e+00  -1.6430492e+00  -1.4999051e+00
   3.7950000e+01  -1.5000000e+00  -1.6416901e+00  -1.5012222e+00
   3.8000000e+01  -1.5000000e+00  -1.6366227e+00  -1.5055027e+00
   3.8050000e+01  -1.5000000e+00  -1.6360333e+00  -1.5038564e+00
   3.8100000e+01  -1.5000000e+00  -1.6347442e+00  -1.5035271e+00
   3.8150000e+01  -1.5000000e+00  -1.6318458e+00  -1.5048442e+00
   3.8200000e+01  -1.5000000e+00  -1.6434311e+00  -1.4920027e+00
   3.8250000e+01  -1.5000000e+00  -1.6331859e+00  -1.5048442e+00
   3.8300000e+01  -1.5000000e+00  -1.6286782e+00  -1.5071490e+00
   3.8350000e+01  -1.5000000e+00  -1.6392839e+00  -1.4943076e+00
   3.8400000e+01  -1.5000000e+00  -1.6399539e+00  -1.4959539e+00
   3.8450000e+01  -1.5000000e+00  -1.6388748e+00  -1.4985880e+00
   3.8500000e+01  -1.5000000e+00  -1.6387751e+00  -1.4992466e+00
   3.8550000e+01  -1.5000000e+00  -1.6394452e+00  -1.4989173e+00
   3.8600000e+01  -1.5000000e+00  -1.6322087e+00  -1.5061612e+00
   3.8650000e+01  -1.5000000e+00  -1.6341382e+00  -1.5018807e+00
   3.8700000e+01  -1.5000000e+00  -1.6336887e+00  -1.5015515e+00
   3.8750000e+01  -1.5000000e+00  -1.6235834e+00  -1.5104417e+00
   3.8800000e+01  -1.5000000e+00  -1.6338393e+00  -1.4966124e+00
   3.8850000e+01  -1.5000000e+00  -1.6314307e+00  -1.5002344e+00
   3.8900000e+01  -1.5000000e+00  -1.6344797e+00  -1.4972710e+00
   3.8950000e+01  -1.5000000e+00  -1.6363392e+00  -1.4966124e+00
   3.9000000e+01  -1.5000000e+00  -1.6437264e+00  -1.4910149e+00
   3.9050000e+01  -1.5000000e+00  -1.6517432e+00  -1.4870636e+00
   3.9100000e+01  -1.5000000e+00  -1.6467457e+00  -1.4969417e+00
   3.9150000e+01  -1.5000000e+00  -1.6333519e+00  -1.5107710e+00
   3.9200000e+01  -1.5000000e+00  -1.6350715e+00  -1.5048442e+00
   3.9250000e+01  -1.5000000e+00  -1.6382605e+00  -1.4999051e+00
   3.9300000e+01  -1.5000000e+00  -1.6292047e+00  -1.5084661e+00
   3.9350000e+01  -1.5000000e+00  -1.6238574e+00  -1.5101125e+00
   3.9400000e+01  -1.5000000e+00  -1.6248073e+00  -1.5051734e+00
   3.9450000e+01  -1.5000000e+00  -1.6317047e+00  -1.4966124e+00
   3.9500000e+01  -1.5000000e+00  -1.6390918e+00  -1.4910149e+00
   3.9550000e+01  -1.5000000e+00  -1.6292664e+00  -1.5038564e+00
   3.9600000e+01  -1.5000000e+00  -1.6356739e+00  -1.4962832e+00
   3.9650000e+01  -1.5000000e+00  -1.6439007e+00  -1.4900271e+00
   3.9700000e+01  -1.5000000e+00  -1.6365942e+00  -1.5008929e+00
   3.9750000e+01  -1.5000000e+00  -1.6316667e+00  -1.5051734e+00
   3.9800000e+01  -1.5000000e+00  -1.6336662e+00  -1.5012222e+00
   3.9850000e+01  -1.5000000e+00  -1.6324470e+00  -1.5018807e+00
   3.9900000e+01  -1.5000000e+00  -1.6330471e+00  -1.5005637e+00
   3.9950000e+01  -1.5000000e+00  -1.6205629e+00  -1.5120881e+00
   4.0000000e+01   1.5000000e+00   1.5594800e+00  -1.5002344e+00
