   0.0000000e+00   0.0000000e+00   0.0000000e+00   0.0000000e+00
   5.0000000e-02   0.0000000e+00   0.0000000e+00   0.0000000e+00
   1.0000000e-01   3.0000000e+00   3.1893402e+00  -1.7319775e-03
   1.5000000e-01   3.0000000e+00   4.4276426e+00   3.3499783e-02
   2.0000000e-01   3.0000000e+00   5.0000000e+00   3.2095142e-01
   2.5000000e-01   3.0000000e+00   5.0000000e+00   5.4814684e-01
   3.0000000e-01   3.0000000e+00   5.0000000e+00   8.3823255e-01
   3.5000000e-01   3.0000000e+00   5.0000000e+00   1.0782694e+00
   4.0000000e-01   3.0000000e+00   5.0000000e+00   1.3525500e+00
   4.5000000e-01   3.0000000e+00   5.0000000e+00   1.6393429e+00
   5.0000000e-01   3.0000000e+00   5.0000000e+00   1.9290990e+00
   5.5000000e-01   3.0000000e+00   5.0000000e+00   2.1981111e+00
   6.0000000e-01   3.0000000e+00   4.9895561e+00   2.5286962e+00
   6.5000000e-01   3.0000000e+00   4.9579115e+00   2.7470009e+00
   7.0000000e-01   3.0000000e+00   4.7838093e+00   3.0120614e+00
   7.5000000e-01   3.0000000e+00   4.4900595e+00   3.2837072e+00
   8.0000000e-01   3.0000000e+00   4.1424335e+00   3.4974018e+00
   8.5000000e-01   3.0000000e+00   3.8092911e+00   3.6119868e+00
   9.0000000e-01   3.0000000e+00   3.5100139e+00   3.6488648e+00
   9.5000000e-01   3.0000000e+00   3.2545375e+00   3.6297673e+00
   1.0000000e+00   3.0000000e+00   3.0362147e+00   3.5833406e+00
   1.0500000e+00   3.0000000e+00   2.8855523e+00   3.4918043e+00
   1.1000000e+00   3.0000000e+00   2.8122760e+00   3.3640485e+00
   1.1500000e+00   3.0000000e+00   2.7390697e+00   3.2873292e+00
   1.2000000e+00   3.0000000e+00   2.7226085e+00   3.1878904e+00
   1.2500000e+00   3.0000000e+00   2.7337153e+00   3.1022808e+00
   1.3000000e+00   3.0000000e+00   2.7749089e+00   3.0225980e+00
   1.3500000e+00   3.0000000e+00   2.8027384e+00   2.9873664e+00
   1.4000000e+00   3.0000000e+00   2.8462410e+00   2.9514762e+00
   1.4500000e+00   3.0000000e+00   2.8924025e+00   2.9274396e+00
   1.5000000e+00   3.0000000e+00   2.9421324e+00   2.9096592e+00
   1.5500000e+00   3.0000000e+00   2.9787780e+00   2.9113055e+00
   1.6000000e+00   3.0000000e+00   3.0150738e+00   2.9126226e+00
   1.6500000e+00   3.0000000e+00   3.0354165e+00   2.9284274e+00
   1.7000000e+00   3.0000000e+00   3.0560391e+00   2.9376469e+00
   1.7500000e+00   3.0000000e+00   3.0751924e+00   2.9445616e+00
   1.8000000e+00   3.0000000e+00   3.0732149e+00   2.9685981e+00
   1.8500000e+00   3.0000000e+00   3.0669693e+00   2.9870371e+00
   1.9000000e+00   3.0000000e+00   3.0689801e+00   2.9903298e+00
   1.9500000e+00   3.0000000e+00   3.0618948e+00   3.0008663e+00
   2.0000000e+00   3.0000000e+00   3.0576783e+00   3.0044883e+00
   2.0500000e+00   3.0000000e+00   3.0400277e+00   3.0193053e+00
   2.1000000e+00   3.0000000e+00   3.0360211e+00   3.0153541e+00
   2.1500000e+00   3.0000000e+00   3.0273965e+00   3.0173297e+00
   2.2000000e+00   3.0000000e+00   3.0182821e+00   3.0189761e+00
   2.2500000e+00   3.0000000e+00   3.0186136e+00   3.0110736e+00
   2.3000000e+00   3.0000000e+00   3.0153067e+00   3.0097566e+00
   2.3500000e+00   3.0000000e+00   3.0153583e+00   3.0058053e+00
   2.4000000e+00   3.0000000e+00   3.0044947e+00   3.0137078e+00
   2.4500000e+00   3.0000000e+00   3.0053160e+00   3.0074517e+00
   2.5000000e+00   3.0000000e+00   3.0038983e+00   3.0058053e+00
   2.5500000e+00   3.0000000e+00   3.0007313e+00   3.0064639e+00
   2.6000000e+00   3.0000000e+00   3.0056808e+00   2.9992200e+00
   2.6500000e+00   3.0000000e+00   3.0046129e+00   3.0005371e+00
   2.7000000e+00   3.0000000e+00   3.0117315e+00   2.9936224e+00
   2.7500000e+00   3.0000000e+00   3.0070951e+00   3.0005371e+00
   2.8000000e+00   3.0000000e+00   3.0072167e+00   3.0002078e+00
   2.8500000e+00   3.0000000e+00   3.0092275e+00   2.9982322e+00
   2.9000000e+00   3.0000000e+00   3.0162761e+00   2.9923054e+00
   2.9500000e+00   3.0000000e+00   3.0170974e+00   2.9946102e+00
   3.0000000e+00   3.0000000e+00   3.0092424e+00   3.0041590e+00
   3.0500000e+00   3.0000000e+00   3.0088742e+00   3.0028419e+00
   3.1000000e+00   3.0000000e+00   3.0066169e+00   3.0038297e+00
   3.1500000e+00   3.0000000e+00   3.0046394e+00   3.0041590e+00
   3.2000000e+00   3.0000000e+00   3.0109183e+00   2.9965859e+00
   3.2500000e+00   3.0000000e+00   3.0018739e+00   3.0064639e+00
   3.3000000e+00   3.0000000e+00   3.0120711e+00   2.9942810e+00
   3.3500000e+00   3.0000000e+00   3.0099537e+00   2.9985615e+00
   3.4000000e+00   3.0000000e+00   3.0049675e+00   3.0038297e+00
   3.4500000e+00   3.0000000e+00   3.0120860e+00   2.9955980e+00
   3.5000000e+00   3.0000000e+00   3.0062602e+00   3.0028419e+00
   3.5500000e+00   3.0000000e+00   3.0103001e+00   2.9979029e+00
   3.6000000e+00   3.0000000e+00   3.0048941e+00   3.0038297e+00
   3.6500000e+00   3.0000000e+00   3.0043160e+00   3.0028419e+00
   3.7000000e+00   3.0000000e+00   3.0055571e+00   3.0005371e+00
   3.7500000e+00   3.0000000e+00   3.0053289e+00   3.0005371e+00
   3.8000000e+00   3.0000000e+00   3.0075495e+00   2.9982322e+00
   3.8500000e+00   3.0000000e+00   3.0159975e+00   2.9909883e+00
   3.9000000e+00   3.0000000e+00   3.0075828e+00   3.0025127e+00
   3.9500000e+00   3.0000000e+00   3.0156110e+00   2.9939517e+00
   4.0000000e+00   3.0000000e+00   3.0045374e+00   3.0067932e+00
   4.0500000e+00   3.0000000e+00   3.0107464e+00   2.9982322e+00
   4.1000000e+00   3.0000000e+00   3.0069497e+00   3.0025127e+00
   4.1500000e+00   3.0000000e+00   3.0107797e+00   2.9979029e+00
   4.2000000e+00   3.0000000e+00   3.0043241e+00   3.0048175e+00
   4.2500000e+00   3.0000000e+00   3.0096235e+00   2.9979029e+00
   4.3000000e+00   3.0000000e+00   2.9944218e+00   3.0130492e+00
   4.3500000e+00   3.0000000e+00   3.0070679e+00   2.9959273e+00
   4.4000000e+00   3.0000000e+00   3.0021517e+00   3.0021834e+00
   4.4500000e+00   3.0000000e+00   3.0145179e+00   2.9896712e+00
   4.5000000e+00   3.0000000e+00   2.9996661e+00   3.0077810e+00
   4.5500000e+00   3.0000000e+00   3.0082539e+00   2.9965859e+00
   4.6000000e+00   3.0000000e+00   3.0083056e+00   2.9979029e+00
   4.6500000e+00   3.0000000e+00   3.0053485e+00   3.0015249e+00
   4.7000000e+00   3.0000000e+00   2.9952546e+00   3.0104151e+00
   4.7500000e+00   3.0000000e+00   3.0069211e+00   2.9952688e+00
   4.8000000e+00   3.0000000e+00   3.0120805e+00   2.9923054e+00
   4.8500000e+00   3.0000000e+00   3.0122021e+00   2.9952688e+00
   4.9000000e+00   3.0000000e+00   2.9998691e+00   3.0087688e+00
   4.9500000e+00   3.0000000e+00   3.0034892e+00   3.0018541e+00
   5.0000000e+00  -3.0000000e+00  -3.3736982e+00   3.0031712e+00
   5.0500000e+00  -3.0000000e+00  -5.0000000e+00   2.4450622e+00
   5.1000000e+00  -3.0000000e+00  -5.0000000e+00   1.8727941e+00
   5.1500000e+00  -3.0000000e+00  -5.0000000e+00   1.3005256e+00
   5.2000000e+00  -3.0000000e+00  -5.0000000e+00   6.1926888e-01
   5.2500000e+00  -3.0000000e+00  -5.0000000e+00   1.7508536e-01
   5.3000000e+00  -3.0000000e+00  -5.0000000e+00  -3.3659836e-01
   5.3500000e+00  -3.0000000e+00  -5.0000000e+00  -8.0646499e-01
   5.4000000e+00  -3.0000000e+00  -5.0000000e+00  -1.2667828e+00
   5.4500000e+00  -3.0000000e+00  -5.0000000e+00  -1.7228201e+00
   5.5000000e+00  -3.0000000e+00  -5.0000000e+00  -2.1456011e+00
   5.5500000e+00  -3.0000000e+00  -4.9090169e+00  -2.5729918e+00
   5.6000000e+00  -3.0000000e+00  -4.7284030e+00  -2.9137847e+00
   5.6500000e+00  -3.0000000e+00  -4.4540299e+00  -3.2065043e+00
   5.7000000e+00  -3.0000000e+00  -4.1416634e+00  -3.4178945e+00
   5.7500000e+00  -3.0000000e+00  -3.8234196e+00  -3.5502604e+00
   5.8000000e+00  -3.0000000e+00  -3.5479271e+00  -3.5894433e+00
   5.8500000e+00  -3.0000000e+00  -3.2886675e+00  -3.5976750e+00
   5.9000000e+00  -3.0000000e+00  -3.1000771e+00  -3.5361018e+00
   5.9500000e+00  -3.0000000e+00  -2.9544480e+00  -3.4587238e+00
   6.0000000e+00  -3.0000000e+00  -2.8427541e+00  -3.3803580e+00
   6.0500000e+00  -3.0000000e+00  -2.7790593e+00  -3.2881628e+00
   6.1000000e+00  -3.0000000e+00  -2.7534978e+00  -3.1969555e+00
   6.1500000e+00  -3.0000000e+00  -2.7572536e+00  -3.1146384e+00
   6.2000000e+00  -3.0000000e+00  -2.7795514e+00  -3.0477969e+00
   6.2500000e+00  -3.0000000e+00  -2.8162629e+00  -2.9941262e+00
   6.3000000e+00  -3.0000000e+00  -2.8582920e+00  -2.9569189e+00
   6.3500000e+00  -3.0000000e+00  -2.9035398e+00  -2.9315652e+00
   6.4000000e+00  -3.0000000e+00  -2.9382221e+00  -2.9262969e+00
   6.4500000e+00  -3.0000000e+00  -2.9838897e+00  -2.9127969e+00
   6.5000000e+00  -3.0000000e+00  -3.0111553e+00  -2.9220164e+00
   6.5500000e+00  -3.0000000e+00  -3.0404500e+00  -2.9256384e+00
   6.6000000e+00  -3.0000000e+00  -3.0517625e+00  -2.9447359e+00
   6.6500000e+00  -3.0000000e+00  -3.0703519e+00  -2.9493457e+00
   6.7000000e+00  -3.0000000e+00  -3.0698396e+00  -2.9700896e+00
   6.7500000e+00  -3.0000000e+00  -3.0731056e+00  -2.9789798e+00
   6.8000000e+00  -3.0000000e+00  -3.0764416e+00  -2.9842481e+00
   6.8500000e+00  -3.0000000e+00  -3.0673930e+00  -2.9990652e+00
   6.9000000e+00  -3.0000000e+00  -3.0586943e+00  -3.0076262e+00
   6.9500000e+00  -3.0000000e+00  -3.0551033e+00  -3.0079555e+00
   7.0000000e+00  -3.0000000e+00  -3.0461246e+00  -3.0132238e+00
   7.0500000e+00  -3.0000000e+00  -3.0408544e+00  -3.0128945e+00
   7.1000000e+00  -3.0000000e+00  -3.0381730e+00  -3.0102603e+00
   7.1500000e+00  -3.0000000e+00  -3.0345121e+00  -3.0096018e+00
   7.2000000e+00  -3.0000000e+00  -3.0258833e+00  -3.0138823e+00
   7.2500000e+00  -3.0000000e+00  -3.0280298e+00  -3.0063091e+00
   7.3000000e+00  -3.0000000e+00  -3.0298964e+00  -3.0020286e+00
   7.3500000e+00  -3.0000000e+00  -3.0262355e+00  -3.0046628e+00
   7.4000000e+00  -3.0000000e+00  -3.0312508e+00  -2.9980774e+00
   7.4500000e+00  -3.0000000e+00  -3.0275198e+00  -3.0023579e+00
   7.5000000e+00  -3.0000000e+00  -3.0279171e+00  -3.0010408e+00
   7.5500000e+00  -3.0000000e+00  -3.0309733e+00  -2.9977481e+00
   7.6000000e+00  -3.0000000e+00  -3.0277321e+00  -3.0016994e+00
   7.6500000e+00  -3.0000000e+00  -3.0270099e+00  -3.0016994e+00
   7.7000000e+00  -3.0000000e+00  -3.0297861e+00  -2.9984067e+00
   7.7500000e+00  -3.0000000e+00  -3.0301134e+00  -2.9987359e+00
   7.8000000e+00  -3.0000000e+00  -3.0320501e+00  -2.9974189e+00
   7.8500000e+00  -3.0000000e+00  -3.0327972e+00  -2.9977481e+00
   7.9000000e+00  -3.0000000e+00  -3.0330545e+00  -2.9984067e+00
   7.9500000e+00  -3.0000000e+00  -3.0361806e+00  -2.9961018e+00
   8.0000000e+00  -3.0000000e+00  -3.0322398e+00  -3.0013701e+00
   8.0500000e+00  -3.0000000e+00  -3.0348061e+00  -2.9984067e+00
   8.1000000e+00  -3.0000000e+00  -3.0312851e+00  -3.0023579e+00
   8.1500000e+00  -3.0000000e+00  -3.0393791e+00  -2.9937969e+00
   8.2000000e+00  -3.0000000e+00  -3.0294209e+00  -3.0056506e+00
   8.2500000e+00  -3.0000000e+00  -3.0333166e+00  -2.9997238e+00
   8.3000000e+00  -3.0000000e+00  -3.0288860e+00  -3.0040042e+00
   8.3500000e+00  -3.0000000e+00  -3.0362802e+00  -2.9954433e+00
   8.4000000e+00  -3.0000000e+00  -3.0410156e+00  -2.9928091e+00
   8.4500000e+00  -3.0000000e+00  -3.0311274e+00  -3.0049920e+00
   8.5000000e+00  -3.0000000e+00  -3.0265568e+00  -3.0072969e+00
   8.5500000e+00  -3.0000000e+00  -3.0269541e+00  -3.0040042e+00
   8.6000000e+00  -3.0000000e+00  -3.0252523e+00  -3.0040042e+00
   8.6500000e+00  -3.0000000e+00  -3.0308973e+00  -2.9970896e+00
   8.7000000e+00  -3.0000000e+00  -3.0310847e+00  -2.9980774e+00
   8.7500000e+00  -3.0000000e+00  -3.0315519e+00  -2.9984067e+00
   8.8000000e+00  -3.0000000e+00  -3.0311796e+00  -2.9993945e+00
   8.8500000e+00  -3.0000000e+00  -3.0268889e+00  -3.0036750e+00
   8.9000000e+00  -3.0000000e+00  -3.0281258e+00  -3.0010408e+00
   8.9500000e+00  -3.0000000e+00  -3.0287330e+00  -3.0000530e+00
   9.0000000e+00  -3.0000000e+00  -3.0364071e+00  -2.9928091e+00
   9.0500000e+00  -3.0000000e+00  -3.0317666e+00  -3.0000530e+00
   9.1000000e+00  -3.0000000e+00  -3.0299948e+00  -3.0016994e+00
   9.1500000e+00  -3.0000000e+00  -3.0233252e+00  -3.0072969e+00
   9.2000000e+00  -3.0000000e+00  -3.0265212e+00  -3.0013701e+00
   9.2500000e+00  -3.0000000e+00  -3.0329359e+00  -2.9947847e+00
   9.3000000e+00  -3.0000000e+00  -3.0309542e+00  -2.9987359e+00
   9.3500000e+00  -3.0000000e+00  -3.0304419e+00  -2.9997238e+00
   9.4000000e+00  -3.0000000e+00  -3.0246119e+00  -3.0053213e+00
   9.4500000e+00  -3.0000000e+00  -3.0268983e+00  -3.0010408e+00
   9.5000000e+00  -3.0000000e+00  -3.0236572e+00  -3.0036750e+00
   9.5500000e+00  -3.0000000e+00  -3.0252440e+00  -3.0007116e+00
   9.6000000e+00  -3.0000000e+00  -3.0326382e+00  -2.9934677e+00
   9.6500000e+00  -3.0000000e+00  -3.0347148e+00  -2.9941262e+00
   9.7000000e+00  -3.0000000e+00  -3.0263659e+00  -3.0043335e+00
   9.7500000e+00  -3.0000000e+00  -3.0266232e+00  -3.0023579e+00
   9.8000000e+00  -3.0000000e+00  -3.0238719e+00  -3.0040042e+00
   9.8500000e+00  -3.0000000e+00  -3.0260184e+00  -3.0003823e+00
   9.9000000e+00  -3.0000000e+00  -3.0311036e+00  -2.9954433e+00
   9.9500000e+00  -3.0000000e+00  -3.0256934e+00  -3.0023579e+00
   1.0000000e+01   3.0000000e+00   3.3419123e+00  -2.9944555e+00
   1.0050000e+01   3.0000000e+00   5.0000000e+00  -2.5864918e+00
   1.0100000e+01   3.0000000e+00   5.0000000e+00  -2.1535036e+00
   1.0150000e+01   3.0000000e+00   5.0000000e+00  -1.7458689e+00
   1.0200000e+01   3.0000000e+00   5.0000000e+00  -1.3336244e+00
   1.0250000e+01   3.0000000e+00   5.0000000e+00  -8.9141635e-01
   1.0300000e+01   3.0000000e+00   5.0000000e+00  -5.2000110e-01
   1.0350000e+01   3.0000000e+00   5.0000000e+00  -1.2191509e-01
   1.0400000e+01   3.0000000e+00   5.0000000e+00   2.9098797e-01
   1.0450000e+01   3.0000000e+00   5.0000000e+00   5.4419562e-01
   1.0500000e+01   3.0000000e+00   5.0000000e+00   8.4448865e-01
   1.0550000e+01   3.0000000e+00   5.0000000e+00   1.1385255e+00
   1.0600000e+01   3.0000000e+00   5.0000000e+00   1.4085257e+00
   1.0650000e+01   3.0000000e+00   5.0000000e+00   1.6959770e+00
   1.0700000e+01   3.0000000e+00   5.0000000e+00   1.9778307e+00
   1.0750000e+01   3.0000000e+00   5.0000000e+00   2.2662696e+00
   1.0800000e+01   3.0000000e+00   5.0000000e+00   2.5296840e+00
   1.0850000e+01   3.0000000e+00   4.8636812e+00   2.8461105e+00
   1.0900000e+01   3.0000000e+00   4.6859406e+00   3.0749516e+00
   1.0950000e+01   3.0000000e+00   4.3728093e+00   3.3396827e+00
   1.1000000e+01   3.0000000e+00   4.0328799e+00   3.5237432e+00
   1.1050000e+01   3.0000000e+00   3.7119822e+00   3.6162673e+00
   1.1100000e+01   3.0000000e+00   3.4262790e+00   3.6386575e+00
   1.1150000e+01   3.0000000e+00   3.1943822e+00   3.6014503e+00
   1.1200000e+01   3.0000000e+00   3.0108343e+00   3.5336212e+00
   1.1250000e+01   3.0000000e+00   2.8722066e+00   3.4506458e+00
   1.1300000e+01   3.0000000e+00   2.7779395e+00   3.3591095e+00
   1.1350000e+01   3.0000000e+00   2.7386683e+00   3.2524268e+00
   1.1400000e+01   3.0000000e+00   2.7342419e+00   3.1556221e+00
   1.1450000e+01   3.0000000e+00   2.7674590e+00   3.0621101e+00
   1.1500000e+01   3.0000000e+00   2.7928395e+00   3.0133785e+00
   1.1550000e+01   3.0000000e+00   2.8333334e+00   2.9699152e+00
   1.1600000e+01   3.0000000e+00   2.8737574e+00   2.9439030e+00
   1.1650000e+01   3.0000000e+00   2.9143913e+00   2.9280982e+00
   1.1700000e+01   3.0000000e+00   2.9522964e+00   2.9211835e+00
   1.1750000e+01   3.0000000e+00   2.9910411e+00   2.9162445e+00
   1.1800000e+01   3.0000000e+00   3.0252377e+00   2.9175616e+00
   1.1850000e+01   3.0000000e+00   3.0490790e+00   2.9280982e+00
   1.1900000e+01   3.0000000e+00   3.0614452e+00   2.9452201e+00
   1.1950000e+01   3.0000000e+00   3.0773799e+00   2.9521347e+00
   1.2000000e+01   3.0000000e+00   3.0697349e+00   2.9784761e+00
   1.2050000e+01   3.0000000e+00   3.0694366e+00   2.9873664e+00
   1.2100000e+01   3.0000000e+00   3.0667595e+00   2.9949395e+00
   1.2150000e+01   3.0000000e+00   3.0619132e+00   3.0015249e+00
   1.2200000e+01   3.0000000e+00   3.0507697e+00   3.0114029e+00
   1.2250000e+01   3.0000000e+00   3.0511712e+00   3.0064639e+00
   1.2300000e+01   3.0000000e+00   3.0445758e+00   3.0100858e+00
   1.2350000e+01   3.0000000e+00   3.0441376e+00   3.0064639e+00
   1.2400000e+01   3.0000000e+00   3.0403409e+00   3.0074517e+00
   1.2450000e+01   3.0000000e+00   3.0322761e+00   3.0120614e+00
   1.2500000e+01   3.0000000e+00   3.0257506e+00   3.0133785e+00
   1.2550000e+01   3.0000000e+00   3.0295106e+00   3.0044883e+00
   1.2600000e+01   3.0000000e+00   3.0328508e+00   2.9995493e+00
   1.2650000e+01   3.0000000e+00   3.0316429e+00   3.0008663e+00
   1.2700000e+01   3.0000000e+00   3.0246277e+00   3.0071224e+00
   1.2750000e+01   3.0000000e+00   3.0289474e+00   3.0002078e+00
   1.2800000e+01   3.0000000e+00   3.0260603e+00   3.0028419e+00
   1.2850000e+01   3.0000000e+00   3.0314996e+00   2.9965859e+00
   1.2900000e+01   3.0000000e+00   3.0252540e+00   3.0038297e+00
   1.2950000e+01   3.0000000e+00   3.0362208e+00   2.9919761e+00
   1.3000000e+01   3.0000000e+00   3.0371821e+00   2.9942810e+00
   1.3050000e+01   3.0000000e+00   3.0273680e+00   3.0058053e+00
   1.3100000e+01   3.0000000e+00   3.0283992e+00   3.0025127e+00
   1.3150000e+01   3.0000000e+00   3.0304799e+00   2.9995493e+00
   1.3200000e+01   3.0000000e+00   3.0352195e+00   2.9952688e+00
   1.3250000e+01   3.0000000e+00   3.0302333e+00   3.0018541e+00
   1.3300000e+01   3.0000000e+00   3.0266465e+00   3.0044883e+00
   1.3350000e+01   3.0000000e+00   3.0289372e+00   3.0005371e+00
   1.3400000e+01   3.0000000e+00   3.0224117e+00   3.0064639e+00
   1.3450000e+01   3.0000000e+00   3.0284107e+00   2.9982322e+00
   1.3500000e+01   3.0000000e+00   3.0277627e+00   2.9995493e+00
   1.3550000e+01   3.0000000e+00   3.0328521e+00   2.9949395e+00
   1.3600000e+01   3.0000000e+00   3.0273061e+00   3.0021834e+00
   1.3650000e+01   3.0000000e+00   3.0295268e+00   2.9992200e+00
   1.3700000e+01   3.0000000e+00   3.0302082e+00   2.9988907e+00
   1.3750000e+01   3.0000000e+00   3.0387261e+00   2.9913176e+00
   1.3800000e+01   3.0000000e+00   3.0294718e+00   3.0035005e+00
   1.3850000e+01   3.0000000e+00   3.0332318e+00   2.9985615e+00
   1.3900000e+01   3.0000000e+00   3.0296450e+00   3.0025127e+00
   1.3950000e+01   3.0000000e+00   3.0352242e+00   2.9962566e+00
   1.4000000e+01   3.0000000e+00   3.0193228e+00   3.0127200e+00
   1.4050000e+01   3.0000000e+00   3.0240624e+00   3.0031712e+00
   1.4100000e+01   3.0000000e+00   3.0262131e+00   2.9998785e+00
   1.4150000e+01   3.0000000e+00   3.0364103e+00   2.9903298e+00
   1.4200000e+01   3.0000000e+00   3.0279256e+00   3.0021834e+00
   1.4250000e+01   3.0000000e+00   3.0283971e+00   3.0008663e+00
   1.4300000e+01   3.0000000e+00   3.0269794e+00   3.0018541e+00
   1.4350000e+01   3.0000000e+00   3.0254917e+00   3.0025127e+00
   1.4400000e+01   3.0000000e+00   3.0303712e+00   2.9969151e+00
   1.4450000e+01   3.0000000e+00   3.0302829e+00   2.9982322e+00
   1.4500000e+01   3.0000000e+00   3.0376813e+00   2.9919761e+00
   1.4550000e+01   3.0000000e+00   3.0375929e+00   2.9952688e+00
   1.4600000e+01   3.0000000e+00   3.0319071e+00   3.0025127e+00
   1.4650000e+01   3.0000000e+00   3.0269909e+00   3.0061346e+00
   1.4700000e+01   3.0000000e+00   3.0313806e+00   2.9995493e+00
   1.4750000e+01   3.0000000e+00   3.0333214e+00   2.9979029e+00
   1.4800000e+01   3.0000000e+00   3.0279154e+00   3.0038297e+00
   1.4850000e+01   3.0000000e+00   3.0294364e+00   3.0008663e+00
   1.4900000e+01   3.0000000e+00   3.0318670e+00   2.9982322e+00
   1.4950000e+01   3.0000000e+00   3.0270208e+00   3.0035005e+00
   1.5000000e+01  -3.0000000e+00  -3.3456186e+00   2.9998785e+00
   1.5050000e+01  -3.0000000e+00  -5.0000000e+00   2.3508915e+00
   1.5100000e+01  -3.0000000e+00  -5.0000000e+00   1.8560014e+00
   1.5150000e+01  -3.0000000e+00  -5.0000000e+00   1.2962451e+00
   1.5200000e+01  -3.0000000e+00  -5.0000000e+00   7.3681780e-01
   1.5250000e+01  -3.0000000e+00  -5.0000000e+00   1.7706097e-01
   1.5300000e+01  -3.0000000e+00  -5.0000000e+00  -3.2968372e-01
   1.5350000e+01  -3.0000000e+00  -5.0000000e+00  -7.9790400e-01
   1.5400000e+01  -3.0000000e+00  -5.0000000e+00  -1.2443925e+00
   1.5450000e+01  -3.0000000e+00  -5.0000000e+00  -1.6951615e+00
   1.5500000e+01  -3.0000000e+00  -5.0000000e+00  -2.1265035e+00
   1.5550000e+01  -3.0000000e+00  -4.9248301e+00  -2.5466503e+00
   1.5600000e+01  -3.0000000e+00  -4.6668997e+00  -2.9707481e+00
   1.5650000e+01  -3.0000000e+00  -4.4071503e+00  -3.2269189e+00
   1.5700000e+01  -3.0000000e+00  -4.1284392e+00  -3.3984677e+00
   1.5750000e+01  -3.0000000e+00  -3.8226499e+00  -3.5268823e+00
   1.5800000e+01  -3.0000000e+00  -3.5382013e+00  -3.5838457e+00
   1.5850000e+01  -3.0000000e+00  -3.3033611e+00  -3.5713335e+00
   1.5900000e+01  -3.0000000e+00  -3.0958789e+00  -3.5380774e+00
   1.5950000e+01  -3.0000000e+00  -2.9508095e+00  -3.4593823e+00
   1.6000000e+01  -3.0000000e+00  -2.8521300e+00  -3.3685043e+00
   1.6050000e+01  -3.0000000e+00  -2.7896246e+00  -3.2799311e+00
   1.6100000e+01  -3.0000000e+00  -2.7689611e+00  -3.1874067e+00
   1.6150000e+01  -3.0000000e+00  -2.7673292e+00  -3.1139799e+00
   1.6200000e+01  -3.0000000e+00  -2.7853588e+00  -3.0514189e+00
   1.6250000e+01  -3.0000000e+00  -2.8191316e+00  -2.9990652e+00
   1.6300000e+01  -3.0000000e+00  -2.8779534e+00  -2.9440774e+00
   1.6350000e+01  -3.0000000e+00  -2.9069683e+00  -2.9391384e+00
   1.6400000e+01  -3.0000000e+00  -2.9457788e+00  -2.9269554e+00
   1.6450000e+01  -3.0000000e+00  -2.9852191e+00  -2.9190530e+00
   1.6500000e+01  -3.0000000e+00  -3.0101757e+00  -2.9279432e+00
   1.6550000e+01  -3.0000000e+00  -3.0401001e+00  -2.9286018e+00
   1.6600000e+01  -3.0000000e+00  -3.0575000e+00  -2.9407847e+00
   1.6650000e+01  -3.0000000e+00  -3.0627252e+00  -2.9595530e+00
   1.6700000e+01  -3.0000000e+00  -3.0708191e+00  -2.9681140e+00
   1.6750000e+01  -3.0000000e+00  -3.0717762e+00  -2.9799676e+00
   1.6800000e+01  -3.0000000e+00  -3.0666459e+00  -2.9928091e+00
   1.6850000e+01  -3.0000000e+00  -3.0683026e+00  -2.9941262e+00
   1.6900000e+01  -3.0000000e+00  -3.0624026e+00  -3.0020286e+00
   1.6950000e+01  -3.0000000e+00  -3.0646891e+00  -2.9990652e+00
   1.7000000e+01  -3.0000000e+00  -3.0475940e+00  -3.0155286e+00
   1.7050000e+01  -3.0000000e+00  -3.0451925e+00  -3.0115774e+00
   1.7100000e+01  -3.0000000e+00  -3.0329253e+00  -3.0184921e+00
   1.7150000e+01  -3.0000000e+00  -3.0331126e+00  -3.0109189e+00
   1.7200000e+01  -3.0000000e+00  -3.0330201e+00  -3.0066384e+00
   1.7250000e+01  -3.0000000e+00  -3.0305487e+00  -3.0063091e+00
   1.7300000e+01  -3.0000000e+00  -3.0271676e+00  -3.0069677e+00
   1.7350000e+01  -3.0000000e+00  -3.0256057e+00  -3.0056506e+00
   1.7400000e+01  -3.0000000e+00  -3.0197058e+00  -3.0089433e+00
   1.7450000e+01  -3.0000000e+00  -3.0204529e+00  -3.0046628e+00
   1.7500000e+01  -3.0000000e+00  -3.0226694e+00  -3.0007116e+00
   1.7550000e+01  -3.0000000e+00  -3.0335621e+00  -2.9901750e+00
   1.7600000e+01  -3.0000000e+00  -3.0216447e+00  -3.0053213e+00
   1.7650000e+01  -3.0000000e+00  -3.0284792e+00  -2.9967603e+00
   1.7700000e+01  -3.0000000e+00  -3.0277570e+00  -2.9987359e+00
   1.7750000e+01  -3.0000000e+00  -3.0300434e+00  -2.9970896e+00
   1.7800000e+01  -3.0000000e+00  -3.0305807e+00  -2.9977481e+00
   1.7850000e+01  -3.0000000e+00  -3.0350362e+00  -2.9944555e+00
   1.7900000e+01  -3.0000000e+00  -3.0300458e+00  -3.0013701e+00
   1.7950000e+01  -3.0000000e+00  -3.0375100e+00  -2.9937969e+00
   1.8000000e+01  -3.0000000e+00  -3.0230038e+00  -3.0099311e+00
   1.8050000e+01  -3.0000000e+00  -3.0278791e+00  -3.0013701e+00
   1.8100000e+01  -3.0000000e+00  -3.0304455e+00  -2.9984067e+00
   1.8150000e+01  -3.0000000e+00  -3.0325220e+00  -2.9970896e+00
   1.8200000e+01  -3.0000000e+00  -3.0278115e+00  -3.0026872e+00
   1.8250000e+01  -3.0000000e+00  -3.0263196e+00  -3.0030164e+00
   1.8300000e+01  -3.0000000e+00  -3.0278364e+00  -3.0003823e+00
   1.8350000e+01  -3.0000000e+00  -3.0273241e+00  -3.0007116e+00
   1.8400000e+01  -3.0000000e+00  -3.0322694e+00  -2.9957725e+00
   1.8450000e+01  -3.0000000e+00  -3.0312673e+00  -2.9984067e+00
   1.8500000e+01  -3.0000000e+00  -3.0273964e+00  -3.0026872e+00
   1.8550000e+01  -3.0000000e+00  -3.0322018e+00  -2.9970896e+00
   1.8600000e+01  -3.0000000e+00  -3.0257421e+00  -3.0043335e+00
   1.8650000e+01  -3.0000000e+00  -3.0287982e+00  -2.9997238e+00
   1.8700000e+01  -3.0000000e+00  -3.0254171e+00  -3.0030164e+00
   1.8750000e+01  -3.0000000e+00  -3.0356801e+00  -2.9921506e+00
   1.8800000e+01  -3.0000000e+00  -3.0243225e+00  -3.0059799e+00
   1.8850000e+01  -3.0000000e+00  -3.0368245e+00  -2.9918213e+00
   1.8900000e+01  -3.0000000e+00  -3.0235078e+00  -3.0076262e+00
   1.8950000e+01  -3.0000000e+00  -3.0304122e+00  -2.9980774e+00
   1.9000000e+01  -3.0000000e+00  -3.0263315e+00  -3.0026872e+00
   1.9050000e+01  -3.0000000e+00  -3.0370842e+00  -2.9914920e+00
   1.9100000e+01  -3.0000000e+00  -3.0284555e+00  -3.0030164e+00
   1.9150000e+01  -3.0000000e+00  -3.0285729e+00  -3.0016994e+00
   1.9200000e+01  -3.0000000e+00  -3.0222531e+00  -3.0069677e+00
   1.9250000e+01  -3.0000000e+00  -3.0308368e+00  -2.9961018e+00
   1.9300000e+01  -3.0000000e+00  -3.0307443e+00  -2.9977481e+00
   1.9350000e+01  -3.0000000e+00  -3.0379986e+00  -2.9918213e+00
   1.9400000e+01  -3.0000000e+00  -3.0309791e+00  -3.0016994e+00
   1.9450000e+01  -3.0000000e+00  -3.0292073e+00  -3.0026872e+00
   1.9500000e+01  -3.0000000e+00  -3.0259662e+00  -3.0046628e+00
   1.9550000e+01  -3.0000000e+00  -3.0278328e+00  -3.0010408e+00
   1.9600000e+01  -3.0000000e+00  -3.0259911e+00  -3.0023579e+00
   1.9650000e+01  -3.0000000e+00  -3.0316361e+00  -2.9961018e+00
   1.9700000e+01  -3.0000000e+00  -3.0280451e+00  -3.0010408e+00
   1.9750000e+01  -3.0000000e+00  -3.0328505e+00  -2.9961018e+00
   1.9800000e+01  -3.0000000e+00  -3.0226124e+00  -3.0072969e+00
   1.9850000e+01  -3.0000000e+00  -3.0265081e+00  -3.0007116e+00
   1.9900000e+01  -3.0000000e+00  -3.0230571e+00  -3.0036750e+00
   1.9950000e+01  -3.0000000e+00  -3.0326904e+00  -2.9931384e+00
   2.0000000e+01   3.0000000e+00   3.3446412e+00  -2.9980774e+00
   2.0050000e+01   3.0000000e+00   5.0000000e+00  -2.5785894e+00
   2.0100000e+01   3.0000000e+00   5.0000000e+00  -2.1653572e+00
   2.0150000e+01   3.0000000e+00   5.0000000e+00  -1.7534421e+00
   2.0200000e+01   3.0000000e+00   5.0000000e+00  -1.3290146e+00
   2.0250000e+01   3.0000000e+00   5.0000000e+00  -9.2763592e-01
   2.0300000e+01   3.0000000e+00   5.0000000e+00  -5.3317185e-01
   2.0350000e+01   3.0000000e+00   5.0000000e+00  -1.3936634e-01
   2.0400000e+01   3.0000000e+00   5.0000000e+00   2.1229273e-01
   2.0450000e+01   3.0000000e+00   5.0000000e+00   5.1950047e-01
   2.0500000e+01   3.0000000e+00   5.0000000e+00   8.6852526e-01
   2.0550000e+01   3.0000000e+00   5.0000000e+00   1.0960499e+00
   2.0600000e+01   3.0000000e+00   5.0000000e+00   1.4519891e+00
   2.0650000e+01   3.0000000e+00   5.0000000e+00   1.7269282e+00
   2.0700000e+01   3.0000000e+00   5.0000000e+00   1.9560990e+00
   2.0750000e+01   3.0000000e+00   5.0000000e+00   2.2399282e+00
   2.0800000e+01   3.0000000e+00   5.0000000e+00   2.5092694e+00
   2.0850000e+01   3.0000000e+00   4.9321812e+00   2.7693911e+00
   2.0900000e+01   3.0000000e+00   4.6764947e+00   3.1022808e+00
   2.0950000e+01   3.0000000e+00   4.3608446e+00   3.3584509e+00
   2.1000000e+01   3.0000000e+00   4.0566695e+00   3.5013530e+00
   2.1050000e+01   3.0000000e+00   3.7351420e+00   3.6034259e+00
   2.1100000e+01   3.0000000e+00   3.4471998e+00   3.6330599e+00
   2.1150000e+01   3.0000000e+00   3.1987903e+00   3.6136332e+00
   2.1200000e+01   3.0000000e+00   3.0083154e+00   3.5474504e+00
   2.1250000e+01   3.0000000e+00   2.8725564e+00   3.4562434e+00
   2.1300000e+01   3.0000000e+00   2.7878052e+00   3.3535119e+00
   2.1350000e+01   3.0000000e+00   2.7400677e+00   3.2570365e+00
   2.1400000e+01   3.0000000e+00   2.7424283e+00   3.1520002e+00
   2.1450000e+01   3.0000000e+00   2.7600422e+00   3.0746223e+00
   2.1500000e+01   3.0000000e+00   2.7755571e+00   3.0301712e+00
   2.1550000e+01   3.0000000e+00   2.8148615e+00   2.9811103e+00
   2.1600000e+01   3.0000000e+00   2.8673202e+00   2.9392933e+00
   2.1650000e+01   3.0000000e+00   2.9050154e+00   2.9280982e+00
   2.1700000e+01   3.0000000e+00   2.9523663e+00   2.9122933e+00
   2.1750000e+01   3.0000000e+00   2.9910411e+00   2.9109762e+00
   2.1800000e+01   3.0000000e+00   3.0169814e+00   2.9221713e+00
   2.1850000e+01   3.0000000e+00   3.0353650e+00   2.9360006e+00
   2.1900000e+01   3.0000000e+00   3.0559176e+00   2.9422567e+00
   2.1950000e+01   3.0000000e+00   3.0678640e+00   2.9541103e+00
   2.2000000e+01   3.0000000e+00   3.0754724e+00   2.9653054e+00
   2.2050000e+01   3.0000000e+00   3.0783228e+00   2.9765005e+00
   2.2100000e+01   3.0000000e+00   3.0785143e+00   2.9857200e+00
   2.2150000e+01   3.0000000e+00   3.0607937e+00   3.0081102e+00
   2.2200000e+01   3.0000000e+00   3.0611952e+00   3.0044883e+00
   2.2250000e+01   3.0000000e+00   3.0568387e+00   3.0067932e+00
   2.2300000e+01   3.0000000e+00   3.0571003e+00   3.0038297e+00
   2.2350000e+01   3.0000000e+00   3.0488255e+00   3.0100858e+00
   2.2400000e+01   3.0000000e+00   3.0371923e+00   3.0170005e+00
   2.2450000e+01   3.0000000e+00   3.0292674e+00   3.0176590e+00
   2.2500000e+01   3.0000000e+00   3.0322577e+00   3.0077810e+00
   2.2550000e+01   3.0000000e+00   3.0327991e+00   3.0041590e+00
   2.2600000e+01   3.0000000e+00   3.0303319e+00   3.0048175e+00
   2.2650000e+01   3.0000000e+00   3.0247859e+00   3.0081102e+00
   2.2700000e+01   3.0000000e+00   3.0265868e+00   3.0031712e+00
   2.2750000e+01   3.0000000e+00   3.0213907e+00   3.0067932e+00
   2.2800000e+01   3.0000000e+00   3.0279495e+00   2.9979029e+00
   2.2850000e+01   3.0000000e+00   3.0288408e+00   2.9979029e+00
   2.2900000e+01   3.0000000e+00   3.0307816e+00   2.9969151e+00
   2.2950000e+01   3.0000000e+00   3.0268449e+00   3.0018541e+00
   2.3000000e+01   3.0000000e+00   3.0302551e+00   2.9979029e+00
   2.3050000e+01   3.0000000e+00   3.0248491e+00   3.0038297e+00
   2.3100000e+01   3.0000000e+00   3.0312679e+00   2.9962566e+00
   2.3150000e+01   3.0000000e+00   3.0332087e+00   2.9959273e+00
   2.3200000e+01   3.0000000e+00   3.0324907e+00   2.9982322e+00
   2.3250000e+01   3.0000000e+00   3.0311429e+00   3.0002078e+00
   2.3300000e+01   3.0000000e+00   3.0370020e+00   2.9946102e+00
   2.3350000e+01   3.0000000e+00   3.0249489e+00   3.0081102e+00
   2.3400000e+01   3.0000000e+00   3.0305981e+00   2.9995493e+00
   2.3450000e+01   3.0000000e+00   3.0297401e+00   3.0005371e+00
   2.3500000e+01   3.0000000e+00   3.0263633e+00   3.0035005e+00
   2.3550000e+01   3.0000000e+00   3.0262750e+00   3.0021834e+00
   2.3600000e+01   3.0000000e+00   3.0305947e+00   2.9972444e+00
   2.3650000e+01   3.0000000e+00   3.0275677e+00   3.0011956e+00
   2.3700000e+01   3.0000000e+00   3.0312577e+00   2.9972444e+00
   2.3750000e+01   3.0000000e+00   3.0289304e+00   3.0005371e+00
   2.3800000e+01   3.0000000e+00   3.0346495e+00   2.9949395e+00
   2.3850000e+01   3.0000000e+00   3.0280541e+00   3.0031712e+00
   2.3900000e+01   3.0000000e+00   3.0372017e+00   2.9932932e+00
   2.3950000e+01   3.0000000e+00   3.0229096e+00   3.0094273e+00
   2.4000000e+01   3.0000000e+00   3.0321972e+00   2.9969151e+00
   2.4050000e+01   3.0000000e+00   3.0254618e+00   3.0044883e+00
   2.4100000e+01   3.0000000e+00   3.0270527e+00   3.0011956e+00
   2.4150000e+01   3.0000000e+00   3.0317923e+00   2.9962566e+00
   2.4200000e+01   3.0000000e+00   3.0312842e+00   2.9982322e+00
   2.4250000e+01   3.0000000e+00   3.0260881e+00   3.0038297e+00
   2.4300000e+01   3.0000000e+00   3.0248103e+00   3.0035005e+00
   2.4350000e+01   3.0000000e+00   3.0278706e+00   2.9992200e+00
   2.4400000e+01   3.0000000e+00   3.0303012e+00   2.9972444e+00
   2.4450000e+01   3.0000000e+00   3.0283237e+00   3.0002078e+00
   2.4500000e+01   3.0000000e+00   3.0271859e+00   3.0011956e+00
   2.4550000e+01   3.0000000e+00   3.0221297e+00   3.0054761e+00
   2.4600000e+01   3.0000000e+00   3.0278489e+00   2.9979029e+00
   2.4650000e+01   3.0000000e+00   3.0273407e+00   2.9992200e+00
   2.4700000e+01   3.0000000e+00   3.0280221e+00   2.9988907e+00
   2.4750000e+01   3.0000000e+00   3.0274440e+00   2.9998785e+00
   2.4800000e+01   3.0000000e+00   3.0281953e+00   2.9992200e+00
   2.4850000e+01   3.0000000e+00   3.0334247e+00   2.9946102e+00
   2.4900000e+01   3.0000000e+00   3.0336162e+00   2.9965859e+00
   2.4950000e+01   3.0000000e+00   3.0322685e+00   2.9992200e+00
   2.5000000e+01  -3.0000000e+00  -3.3413505e+00   2.9982322e+00
   2.5050000e+01  -3.0000000e+00  -5.0000000e+00   2.4463792e+00
   2.5100000e+01  -3.0000000e+00  -5.0000000e+00   1.8668673e+00
   2.5150000e+01  -3.0000000e+00  -5.0000000e+00   1.2890012e+00
   2.5200000e+01  -3.0000000e+00  -5.0000000e+00   7.2693974e-01
   2.5250000e+01  -3.0000000e+00  -5.0000000e+00   1.7870732e-01
   2.5300000e+01  -3.0000000e+00  -5.0000000e+00  -3.1815931e-01
   2.5350000e+01  -3.0000000e+00  -5.0000000e+00  -7.8012348e-01
   2.5400000e+01  -3.0000000e+00  -5.0000000e+00  -1.2259535e+00
   2.5450000e+01  -3.0000000e+00  -5.0000000e+00  -1.6711249e+00
   2.5500000e+01  -3.0000000e+00  -5.0000000e+00  -2.1212352e+00
   2.5550000e+01  -3.0000000e+00  -4.9456110e+00  -2.5239308e+00
   2.5600000e+01  -3.0000000e+00  -4.7620583e+00  -2.8871139e+00
   2.5650000e+01  -3.0000000e+00  -4.4892246e+00  -3.1890531e+00
   2.5700000e+01  -3.0000000e+00  -4.1255005e+00  -3.4557604e+00
   2.5750000e+01  -3.0000000e+00  -3.8296469e+00  -3.5519067e+00
   2.5800000e+01  -3.0000000e+00  -3.5454082e+00  -3.5986628e+00
   2.5850000e+01  -3.0000000e+00  -3.2923759e+00  -3.5973457e+00
   2.5900000e+01  -3.0000000e+00  -3.1158202e+00  -3.5245774e+00
   2.5950000e+01  -3.0000000e+00  -2.9499000e+00  -3.4709067e+00
   2.6000000e+01  -3.0000000e+00  -2.8543690e+00  -3.3724555e+00
   2.6050000e+01  -3.0000000e+00  -2.7859862e+00  -3.2878336e+00
   2.6100000e+01  -3.0000000e+00  -2.7630137e+00  -3.1943214e+00
   2.6150000e+01  -3.0000000e+00  -2.7738364e+00  -3.1064067e+00
   2.6200000e+01  -3.0000000e+00  -2.7838895e+00  -3.0543823e+00
   2.6250000e+01  -3.0000000e+00  -2.8164028e+00  -3.0020286e+00
   2.6300000e+01  -3.0000000e+00  -2.8592716e+00  -2.9608701e+00
   2.6350000e+01  -3.0000000e+00  -2.9007410e+00  -2.9374920e+00
   2.6400000e+01  -3.0000000e+00  -2.9451491e+00  -2.9206993e+00
   2.6450000e+01  -3.0000000e+00  -2.9806012e+00  -2.9190530e+00
   2.6500000e+01  -3.0000000e+00  -3.0195517e+00  -2.9147725e+00
   2.6550000e+01  -3.0000000e+00  -3.0288351e+00  -2.9401262e+00
   2.6600000e+01  -3.0000000e+00  -3.0535818e+00  -2.9407847e+00
   2.6650000e+01  -3.0000000e+00  -3.0567078e+00  -2.9615286e+00
   2.6700000e+01  -3.0000000e+00  -3.0720086e+00  -2.9625164e+00
   2.6750000e+01  -3.0000000e+00  -3.0711465e+00  -2.9783213e+00
   2.6800000e+01  -3.0000000e+00  -3.0803599e+00  -2.9783213e+00
   2.6850000e+01  -3.0000000e+00  -3.0615855e+00  -3.0046628e+00
   2.6900000e+01  -3.0000000e+00  -3.0589042e+00  -3.0053213e+00
   2.6950000e+01  -3.0000000e+00  -3.0548934e+00  -3.0069677e+00
   2.7000000e+01  -3.0000000e+00  -3.0473841e+00  -3.0112481e+00
   2.7050000e+01  -3.0000000e+00  -3.0429535e+00  -3.0109189e+00
   2.7100000e+01  -3.0000000e+00  -3.0400622e+00  -3.0092725e+00
   2.7150000e+01  -3.0000000e+00  -3.0266755e+00  -3.0181628e+00
   2.7200000e+01  -3.0000000e+00  -3.0339997e+00  -3.0040042e+00
   2.7250000e+01  -3.0000000e+00  -3.0343970e+00  -3.0020286e+00
   2.7300000e+01  -3.0000000e+00  -3.0286370e+00  -3.0066384e+00
   2.7350000e+01  -3.0000000e+00  -3.0265154e+00  -3.0059799e+00
   2.7400000e+01  -3.0000000e+00  -3.0250235e+00  -3.0049920e+00
   2.7450000e+01  -3.0000000e+00  -3.0239514e+00  -3.0040042e+00
   2.7500000e+01  -3.0000000e+00  -3.0250484e+00  -3.0013701e+00
   2.7550000e+01  -3.0000000e+00  -3.0307633e+00  -2.9954433e+00
   2.7600000e+01  -3.0000000e+00  -3.0267525e+00  -3.0010408e+00
   2.7650000e+01  -3.0000000e+00  -3.0263102e+00  -3.0010408e+00
   2.7700000e+01  -3.0000000e+00  -3.0276171e+00  -2.9993945e+00
   2.7750000e+01  -3.0000000e+00  -3.0243760e+00  -3.0026872e+00
   2.7800000e+01  -3.0000000e+00  -3.0333795e+00  -2.9931384e+00
   2.7850000e+01  -3.0000000e+00  -3.0348963e+00  -2.9944555e+00
   2.7900000e+01  -3.0000000e+00  -3.0404013e+00  -2.9914920e+00
   2.7950000e+01  -3.0000000e+00  -3.0359707e+00  -2.9990652e+00
   2.8000000e+01  -3.0000000e+00  -3.0349686e+00  -3.0003823e+00
   2.8050000e+01  -3.0000000e+00  -3.0257101e+00  -3.0089433e+00
   2.8100000e+01  -3.0000000e+00  -3.0292560e+00  -3.0020286e+00
   2.8150000e+01  -3.0000000e+00  -3.0276942e+00  -3.0026872e+00
   2.8200000e+01  -3.0000000e+00  -3.0398463e+00  -2.9901750e+00
   2.8250000e+01  -3.0000000e+00  -3.0310776e+00  -3.0023579e+00
   2.8300000e+01  -3.0000000e+00  -3.0272767e+00  -3.0049920e+00
   2.8350000e+01  -3.0000000e+00  -3.0216566e+00  -3.0082847e+00
   2.8400000e+01  -3.0000000e+00  -3.0279313e+00  -2.9990652e+00
   2.8450000e+01  -3.0000000e+00  -3.0258797e+00  -3.0013701e+00
   2.8500000e+01  -3.0000000e+00  -3.0340436e+00  -2.9931384e+00
   2.8550000e+01  -3.0000000e+00  -3.0331114e+00  -2.9967603e+00
   2.8600000e+01  -3.0000000e+00  -3.0285409e+00  -3.0023579e+00
   2.8650000e+01  -3.0000000e+00  -3.0310373e+00  -2.9990652e+00
   2.8700000e+01  -3.0000000e+00  -3.0268865e+00  -3.0033457e+00
   2.8750000e+01  -3.0000000e+00  -3.0349105e+00  -2.9944555e+00
   2.8800000e+01  -3.0000000e+00  -3.0330687e+00  -2.9984067e+00
   2.8850000e+01  -3.0000000e+00  -3.0323465e+00  -2.9997238e+00
   2.8900000e+01  -3.0000000e+00  -3.0363122e+00  -2.9961018e+00
   2.8950000e+01  -3.0000000e+00  -3.0243249e+00  -3.0089433e+00
   2.9000000e+01  -3.0000000e+00  -3.0292702e+00  -3.0007116e+00
   2.9050000e+01  -3.0000000e+00  -3.0317666e+00  -2.9980774e+00
   2.9100000e+01  -3.0000000e+00  -3.0332834e+00  -2.9974189e+00
   2.9150000e+01  -3.0000000e+00  -3.0308819e+00  -3.0007116e+00
   2.9200000e+01  -3.0000000e+00  -3.0305795e+00  -3.0007116e+00
   2.9250000e+01  -3.0000000e+00  -3.0271284e+00  -3.0036750e+00
   2.9300000e+01  -3.0000000e+00  -3.0266161e+00  -3.0026872e+00
   2.9350000e+01  -3.0000000e+00  -3.0282728e+00  -3.0000530e+00
   2.9400000e+01  -3.0000000e+00  -3.0237023e+00  -3.0043335e+00
   2.9450000e+01  -3.0000000e+00  -3.0267584e+00  -2.9997238e+00
   2.9500000e+01  -3.0000000e+00  -3.0296746e+00  -2.9970896e+00
   2.9550000e+01  -3.0000000e+00  -3.0260137e+00  -3.0016994e+00
   2.9600000e+01  -3.0000000e+00  -3.0228425e+00  -3.0040042e+00
   2.9650000e+01  -3.0000000e+00  -3.0253389e+00  -3.0000530e+00
   2.9700000e+01  -3.0000000e+00  -3.0333628e+00  -2.9924798e+00
   2.9750000e+01  -3.0000000e+00  -3.0260635e+00  -3.0023579e+00
   2.9800000e+01  -3.0000000e+00  -3.0264607e+00  -3.0010408e+00
   2.9850000e+01  -3.0000000e+00  -3.0211205e+00  -3.0056506e+00
   2.9900000e+01  -3.0000000e+00  -3.0190689e+00  -3.0053213e+00
   2.9950000e+01  -3.0000000e+00  -3.0231046e+00  -2.9993945e+00
   3.0000000e+01   3.0000000e+00   3.3512882e+00  -2.9990652e+00
   3.0050000e+01   3.0000000e+00   5.0000000e+00  -2.5825406e+00
   3.0100000e+01   3.0000000e+00   5.0000000e+00  -2.1627231e+00
   3.0150000e+01   3.0000000e+00   5.0000000e+00  -1.6658566e+00
   3.0200000e+01   3.0000000e+00   5.0000000e+00  -1.3431732e+00
   3.0250000e+01   3.0000000e+00   5.0000000e+00  -9.4278229e-01
   3.0300000e+01   3.0000000e+00   5.0000000e+00  -5.5622067e-01
   3.0350000e+01   3.0000000e+00   5.0000000e+00  -1.6011027e-01
   3.0400000e+01   3.0000000e+00   5.0000000e+00   1.9451222e-01
   3.0450000e+01   3.0000000e+00   5.0000000e+00   5.0665899e-01
   3.0500000e+01   3.0000000e+00   5.0000000e+00   8.4218377e-01
   3.0550000e+01   3.0000000e+00   5.0000000e+00   1.0759645e+00
   3.0600000e+01   3.0000000e+00   5.0000000e+00   1.3525500e+00
   3.0650000e+01   3.0000000e+00   5.0000000e+00   1.6409892e+00
   3.0700000e+01   3.0000000e+00   5.0000000e+00   1.9185624e+00
   3.0750000e+01   3.0000000e+00   5.0000000e+00   2.2079892e+00
   3.0800000e+01   3.0000000e+00   5.0000000e+00   2.4776597e+00
   3.0850000e+01   3.0000000e+00   4.9365193e+00   2.7463423e+00
   3.0900000e+01   3.0000000e+00   4.7532511e+00   3.0202931e+00
   3.0950000e+01   3.0000000e+00   4.4605509e+00   3.2876584e+00
   3.1000000e+01   3.0000000e+00   4.1252394e+00   3.4881823e+00
   3.1050000e+01   3.0000000e+00   3.8051114e+00   3.5942064e+00
   3.1100000e+01   3.0000000e+00   3.5098924e+00   3.6343770e+00
   3.1150000e+01   3.0000000e+00   3.2584742e+00   3.6172551e+00
   3.1200000e+01   3.0000000e+00   3.0398716e+00   3.5760967e+00
   3.1250000e+01   3.0000000e+00   2.8884395e+00   3.4881823e+00
   3.1300000e+01   3.0000000e+00   2.7894145e+00   3.3861094e+00
   3.1350000e+01   3.0000000e+00   2.7397178e+00   3.2784389e+00
   3.1400000e+01   3.0000000e+00   2.7151402e+00   3.1901952e+00
   3.1450000e+01   3.0000000e+00   2.7189702e+00   3.1105125e+00
   3.1500000e+01   3.0000000e+00   2.7584146e+00   3.0291834e+00
   3.1550000e+01   3.0000000e+00   2.7792471e+00   2.9979029e+00
   3.1600000e+01   3.0000000e+00   2.8347145e+00   2.9465372e+00
   3.1650000e+01   3.0000000e+00   2.8745787e+00   2.9304030e+00
   3.1700000e+01   3.0000000e+00   2.9219996e+00   2.9136104e+00
   3.1750000e+01   3.0000000e+00   2.9548669e+00   2.9172323e+00
   3.1800000e+01   3.0000000e+00   2.9826964e+00   2.9241470e+00
   3.1850000e+01   3.0000000e+00   3.0110856e+00   2.9277689e+00
   3.1900000e+01   3.0000000e+00   3.0354866e+00   2.9336957e+00
   3.1950000e+01   3.0000000e+00   3.0496720e+00   2.9468664e+00
   3.2000000e+01   3.0000000e+00   3.0488140e+00   2.9689274e+00
   3.2050000e+01   3.0000000e+00   3.0462768e+00   2.9837444e+00
   3.2100000e+01   3.0000000e+00   3.0398912e+00   2.9962566e+00
   3.2150000e+01   3.0000000e+00   3.0355348e+00   3.0018541e+00
   3.2200000e+01   3.0000000e+00   3.0385951e+00   2.9982322e+00
   3.2250000e+01   3.0000000e+00   3.0351482e+00   3.0021834e+00
   3.2300000e+01   3.0000000e+00   3.0258240e+00   3.0100858e+00
   3.2350000e+01   3.0000000e+00   3.0166396e+00   3.0146956e+00
   3.2400000e+01   3.0000000e+00   3.0096943e+00   3.0153541e+00
   3.2450000e+01   3.0000000e+00   3.0066673e+00   3.0120614e+00
   3.2500000e+01   3.0000000e+00   3.0025907e+00   3.0110736e+00
   3.2550000e+01   3.0000000e+00   3.0055811e+00   3.0038297e+00
   3.2600000e+01   3.0000000e+00   3.0008048e+00   3.0067932e+00
   3.2650000e+01   3.0000000e+00   2.9937195e+00   3.0107444e+00
   3.2700000e+01   3.0000000e+00   2.9958003e+00   3.0044883e+00
   3.2750000e+01   3.0000000e+00   2.9980909e+00   3.0005371e+00
   3.2800000e+01   3.0000000e+00   2.9971630e+00   3.0011956e+00
   3.2850000e+01   3.0000000e+00   2.9973545e+00   3.0005371e+00
   3.2900000e+01   3.0000000e+00   3.0037734e+00   2.9942810e+00
   3.2950000e+01   3.0000000e+00   3.0009563e+00   2.9992200e+00
   3.3000000e+01   3.0000000e+00   2.9946407e+00   3.0054761e+00
   3.3050000e+01   3.0000000e+00   3.0028087e+00   2.9955980e+00
   3.3100000e+01   3.0000000e+00   3.0106270e+00   2.9900005e+00
   3.3150000e+01   3.0000000e+00   3.0050811e+00   2.9992200e+00
   3.3200000e+01   3.0000000e+00   3.0047129e+00   2.9998785e+00
   3.3250000e+01   3.0000000e+00   3.0040648e+00   3.0005371e+00
   3.3300000e+01   3.0000000e+00   3.0066353e+00   2.9979029e+00
   3.3350000e+01   3.0000000e+00   3.0036783e+00   3.0015249e+00
   3.3400000e+01   3.0000000e+00   2.9998816e+00   3.0044883e+00
   3.3450000e+01   3.0000000e+00   3.0028719e+00   2.9998785e+00
   3.3500000e+01   3.0000000e+00   3.0064220e+00   2.9965859e+00
   3.3550000e+01   3.0000000e+00   2.9980773e+00   3.0058053e+00
   3.3600000e+01   3.0000000e+00   3.0029568e+00   2.9988907e+00
   3.3650000e+01   3.0000000e+00   3.0041279e+00   2.9982322e+00
   3.3700000e+01   3.0000000e+00   3.0087276e+00   2.9946102e+00
   3.3750000e+01   3.0000000e+00   3.0050708e+00   3.0002078e+00
   3.3800000e+01   3.0000000e+00   2.9948369e+00   3.0097566e+00
   3.3850000e+01   3.0000000e+00   3.0036347e+00   2.9975737e+00
   3.3900000e+01   3.0000000e+00   3.0050158e+00   2.9972444e+00
   3.3950000e+01   3.0000000e+00   3.0040878e+00   2.9992200e+00
   3.4000000e+01   3.0000000e+00   3.0044193e+00   2.9992200e+00
   3.4050000e+01   3.0000000e+00   3.0019521e+00   3.0018541e+00
   3.4100000e+01   3.0000000e+00   3.0046625e+00   2.9985615e+00
   3.4150000e+01   3.0000000e+00   2.9979271e+00   3.0054761e+00
   3.4200000e+01   3.0000000e+00   3.0057454e+00   2.9959273e+00
   3.4250000e+01   3.0000000e+00   3.0067766e+00   2.9965859e+00
   3.4300000e+01   3.0000000e+00   3.0099768e+00   2.9949395e+00
   3.4350000e+01   3.0000000e+00   3.0051306e+00   3.0015249e+00
   3.4400000e+01   3.0000000e+00   2.9960862e+00   3.0094273e+00
   3.4450000e+01   3.0000000e+00   2.9948783e+00   3.0067932e+00
   3.4500000e+01   3.0000000e+00   2.9958396e+00   3.0031712e+00
   3.4550000e+01   3.0000000e+00   2.9962410e+00   3.0015249e+00
   3.4600000e+01   3.0000000e+00   3.0032896e+00   2.9942810e+00
   3.4650000e+01   3.0000000e+00   3.0071196e+00   2.9929639e+00
   3.4700000e+01   3.0000000e+00   3.0052121e+00   2.9975737e+00
   3.4750000e+01   3.0000000e+00   2.9988965e+00   3.0044883e+00
   3.4800000e+01   3.0000000e+00   2.9941902e+00   3.0071224e+00
   3.4850000e+01   3.0000000e+00   3.0034078e+00   2.9955980e+00
   3.4900000e+01   3.0000000e+00   3.0073777e+00   2.9936224e+00
   3.4950000e+01   3.0000000e+00   3.0055402e+00   2.9979029e+00
   3.5000000e+01  -3.0000000e+00  -3.3717172e+00   3.0008663e+00
   3.5050000e+01  -3.0000000e+00  -5.0000000e+00   2.3265257e+00
   3.5100000e+01  -3.0000000e+00  -5.0000000e+00   1.8671965e+00
   3.5150000e+01  -3.0000000e+00  -5.0000000e+00   1.2932817e+00
   3.5200000e+01  -3.0000000e+00  -5.0000000e+00   7.3385438e-01
   3.5250000e+01  -3.0000000e+00  -5.0000000e+00   1.6389022e-01
   3.5300000e+01  -3.0000000e+00  -5.0000000e+00  -3.5569595e-01
   3.5350000e+01  -3.0000000e+00  -5.0000000e+00  -9.1808712e-01
   3.5400000e+01  -3.0000000e+00  -5.0000000e+00  -1.2727097e+00
   3.5450000e+01  -3.0000000e+00  -5.0000000e+00  -1.7238079e+00
   3.5500000e+01  -3.0000000e+00  -5.0000000e+00  -2.1535036e+00
   3.5550000e+01  -3.0000000e+00  -4.8720730e+00  -2.6125040e+00
   3.5600000e+01  -3.0000000e+00  -4.7131496e+00  -2.9170774e+00
   3.5650000e+01  -3.0000000e+00  -4.4205845e+00  -3.2256019e+00
   3.5700000e+01  -3.0000000e+00  -4.1196930e+00  -3.4185531e+00
   3.5750000e+01  -3.0000000e+00  -3.8165625e+00  -3.5364311e+00
   3.5800000e+01  -3.0000000e+00  -3.5308545e+00  -3.5907603e+00
   3.5850000e+01  -3.0000000e+00  -3.2965740e+00  -3.5749555e+00
   3.5900000e+01  -3.0000000e+00  -3.0966486e+00  -3.5331384e+00
   3.5950000e+01  -3.0000000e+00  -2.9466813e+00  -3.4610287e+00
   3.6000000e+01  -3.0000000e+00  -2.8417045e+00  -3.3754189e+00
   3.6050000e+01  -3.0000000e+00  -2.7913039e+00  -3.2726872e+00
   3.6100000e+01  -3.0000000e+00  -2.7576260e+00  -3.1953092e+00
   3.6150000e+01  -3.0000000e+00  -2.7792241e+00  -3.0968579e+00
   3.6200000e+01  -3.0000000e+00  -2.7866883e+00  -3.0510896e+00
   3.6250000e+01  -3.0000000e+00  -2.8251490e+00  -2.9944555e+00
   3.6300000e+01  -3.0000000e+00  -2.8558431e+00  -2.9677847e+00
   3.6350000e+01  -3.0000000e+00  -2.9083677e+00  -2.9312359e+00
   3.6400000e+01  -3.0000000e+00  -2.9333942e+00  -2.9351871e+00
   3.6450000e+01  -3.0000000e+00  -2.9826302e+00  -2.9147725e+00
   3.6500000e+01  -3.0000000e+00  -3.0150036e+00  -2.9183945e+00
   3.6550000e+01  -3.0000000e+00  -3.0332431e+00  -2.9338701e+00
   3.6600000e+01  -3.0000000e+00  -3.0403575e+00  -2.9536262e+00
   3.6650000e+01  -3.0000000e+00  -3.0565679e+00  -2.9569189e+00
   3.6700000e+01  -3.0000000e+00  -3.0724284e+00  -2.9592237e+00
   3.6750000e+01  -3.0000000e+00  -3.0715663e+00  -2.9763457e+00
   3.6800000e+01  -3.0000000e+00  -3.0707741e+00  -2.9865530e+00
   3.6850000e+01  -3.0000000e+00  -3.0680927e+00  -2.9944555e+00
   3.6900000e+01  -3.0000000e+00  -3.0452601e+00  -3.0181628e+00
   3.6950000e+01  -3.0000000e+00  -3.0546834e+00  -3.0020286e+00
   3.7000000e+01  -3.0000000e+00  -3.0475240e+00  -3.0079555e+00
   3.7050000e+01  -3.0000000e+00  -3.0476414e+00  -3.0046628e+00
   3.7100000e+01  -3.0000000e+00  -3.0404120e+00  -3.0096018e+00
   3.7150000e+01  -3.0000000e+00  -3.0359814e+00  -3.0099311e+00
   3.7200000e+01  -3.0000000e+00  -3.0293118e+00  -3.0122360e+00
   3.7250000e+01  -3.0000000e+00  -3.0304087e+00  -3.0063091e+00
   3.7300000e+01  -3.0000000e+00  -3.0266778e+00  -3.0072969e+00
   3.7350000e+01  -3.0000000e+00  -3.0298739e+00  -3.0013701e+00
   3.7400000e+01  -3.0000000e+00  -3.0247436e+00  -3.0056506e+00
   3.7450000e+01  -3.0000000e+00  -3.0247910e+00  -3.0033457e+00
   3.7500000e+01  -3.0000000e+00  -3.0202205e+00  -3.0063091e+00
   3.7550000e+01  -3.0000000e+00  -3.0255856e+00  -2.9987359e+00
   3.7600000e+01  -3.0000000e+00  -3.0289216e+00  -2.9961018e+00
   3.7650000e+01  -3.0000000e+00  -3.0393245e+00  -2.9878701e+00
   3.7700000e+01  -3.0000000e+00  -3.0413311e+00  -2.9908335e+00
   3.7750000e+01  -3.0000000e+00  -3.0347314e+00  -3.0007116e+00
   3.7800000e+01  -3.0000000e+00  -3.0284816e+00  -3.0063091e+00
   3.7850000e+01  -3.0000000e+00  -3.0324473e+00  -3.0000530e+00
   3.7900000e+01  -3.0000000e+00  -3.0327746e+00  -2.9997238e+00
   3.7950000e+01  -3.0000000e+00  -3.0391893e+00  -2.9937969e+00
   3.8000000e+01  -3.0000000e+00  -3.0309803e+00  -3.0040042e+00
   3.8050000e+01  -3.0000000e+00  -3.0369752e+00  -2.9967603e+00
   3.8100000e+01  -3.0000000e+00  -3.0254077e+00  -3.0089433e+00
   3.8150000e+01  -3.0000000e+00  -3.0317524e+00  -2.9993945e+00
   3.8200000e+01  -3.0000000e+00  -3.0260623e+00  -3.0049920e+00
   3.8250000e+01  -3.0000000e+00  -3.0239407e+00  -3.0049920e+00
   3.8300000e+01  -3.0000000e+00  -3.0340637e+00  -2.9934677e+00
   3.8350000e+01  -3.0000000e+00  -3.0301929e+00  -2.9997238e+00
   3.8400000e+01  -3.0000000e+00  -3.0194650e+00  -3.0099311e+00
   3.8450000e+01  -3.0000000e+00  -3.0246902e+00  -3.0010408e+00
   3.8500000e+01  -3.0000000e+00  -3.0312448e+00  -2.9944555e+00
   3.8550000e+01  -3.0000000e+00  -3.0311523e+00  -2.9967603e+00
   3.8600000e+01  -3.0000000e+00  -3.0314796e+00  -2.9977481e+00
   3.8650000e+01  -3.0000000e+00  -3.0317369e+00  -2.9984067e+00
   3.8700000e+01  -3.0000000e+00  -3.0383615e+00  -2.9928091e+00
   3.8750000e+01  -3.0000000e+00  -3.0267240e+00  -3.0066384e+00
   3.8800000e+01  -3.0000000e+00  -3.0253021e+00  -3.0053213e+00
   3.8850000e+01  -3.0000000e+00  -3.0366846e+00  -2.9924798e+00
   3.8900000e+01  -3.0000000e+00  -3.0419798e+00  -2.9905042e+00
   3.8950000e+01  -3.0000000e+00  -3.0351702e+00  -3.0007116e+00
   3.9000000e+01  -3.0000000e+00  -3.0303197e+00  -3.0049920e+00
   3.9050000e+01  -3.0000000e+00  -3.0250495e+00  -3.0079555e+00
   3.9100000e+01  -3.0000000e+00  -3.0237675e+00  -3.0059799e+00
   3.9150000e+01  -3.0000000e+00  -3.0233252e+00  -3.0040042e+00
   3.9200000e+01  -3.0000000e+00  -3.0226729e+00  -3.0030164e+00
   3.9250000e+01  -3.0000000e+00  -3.0189420e+00  -3.0053213e+00
   3.9300000e+01  -3.0000000e+00  -3.0205287e+00  -3.0016994e+00
   3.9350000e+01  -3.0000000e+00  -3.0208561e+00  -3.0007116e+00
   3.9400000e+01  -3.0000000e+00  -3.0244020e+00  -2.9970896e+00
   3.9450000e+01  -3.0000000e+00  -3.0277380e+00  -2.9951140e+00
   3.9500000e+01  -3.0000000e+00  -3.0291148e+00  -2.9957725e+00
   3.9550000e+01  -3.0000000e+00  -3.0302118e+00  -2.9964311e+00
   3.9600000e+01  -3.0000000e+00  -3.0317286e+00  -2.9964311e+00
   3.9650000e+01  -3.0000000e+00  -3.0332454e+00  -2.9964311e+00
   3.9700000e+01  -3.0000000e+00  -3.0295145e+00  -3.0013701e+00
   3.9750000e+01  -3.0000000e+00  -3.0292820e+00  -3.0010408e+00
   3.9800000e+01  -3.0000000e+00  -3.0288397e+00  -3.0010408e+00
   3.9850000e+01  -3.0000000e+00  -3.0214004e+00  -3.0076262e+00
   3.9900000e+01  -3.0000000e+00  -3.0255060e+00  -3.0007116e+00
   3.9950000e+01  -3.0000000e+00  -3.0178568e+00  -3.0076262e+00
   4.0000000e+01   3.0000000e+00   3.3407928e+00  -2.9891872e+00
