   0.0000000e+00   0.0000000e+00   0.0000000e+00   0.0000000e+00
   5.0000000e-02   0.0000000e+00   0.0000000e+00   0.0000000e+00
   1.0000000e-01   3.0000000e+00  -7.8457706e-01   3.7384255e+00
   1.5000000e-01   3.0000000e+00  -1.0252900e+00   3.6696086e+00
   2.0000000e-01   3.0000000e+00  -6.9519302e-01   3.0910857e+00
   2.5000000e-01   3.0000000e+00   1.0570198e-02   2.3904037e+00
   3.0000000e-01   3.0000000e+00   8.2835499e-01   1.8645624e+00
   3.5000000e-01   3.0000000e+00   1.6236797e+00   1.5701965e+00
   4.0000000e-01   3.0000000e+00   2.3293036e+00   1.4780013e+00
   4.5000000e-01   3.0000000e+00   2.9124807e+00   1.5379282e+00
   5.0000000e-01   3.0000000e+00   3.3925228e+00   1.6709526e+00
   5.5000000e-01   3.0000000e+00   3.7565554e+00   1.8599526e+00
   6.0000000e-01   3.0000000e+00   4.0441114e+00   2.0453307e+00
   6.5000000e-01   3.0000000e+00   4.2574298e+00   2.2264282e+00
   7.0000000e-01   3.0000000e+00   4.4245683e+00   2.3785500e+00
   7.5000000e-01   3.0000000e+00   4.5144606e+00   2.5425255e+00
   8.0000000e-01   3.0000000e+00   4.5350132e+00   2.7061717e+00
   8.5000000e-01   3.0000000e+00   4.5409423e+00   2.8181227e+00
   9.0000000e-01   3.0000000e+00   4.4779515e+00   2.9501591e+00
   9.5000000e-01   3.0000000e+00   4.3445015e+00   3.0956954e+00
   1.0000000e+00   3.0000000e+00   4.2478554e+00   3.1483782e+00
   1.0500000e+00   3.0000000e+00   4.1323177e+00   3.1977684e+00
   1.1000000e+00   3.0000000e+00   4.0283248e+00   3.2165366e+00
   1.1500000e+00   3.0000000e+00   3.9362968e+00   3.2165366e+00
   1.2000000e+00   3.0000000e+00   3.8740057e+00   3.1885489e+00
   1.2500000e+00   3.0000000e+00   3.8274577e+00   3.1569392e+00
   1.3000000e+00   3.0000000e+00   3.7915450e+00   3.1279637e+00
   1.3500000e+00   3.0000000e+00   3.7623495e+00   3.1042564e+00
   1.4000000e+00   3.0000000e+00   3.7498766e+00   3.0742930e+00
   1.4500000e+00   3.0000000e+00   3.7483889e+00   3.0459760e+00
   1.5000000e+00   3.0000000e+00   3.7456417e+00   3.0301712e+00
   1.5500000e+00   3.0000000e+00   3.7499615e+00   3.0140370e+00
   1.6000000e+00   3.0000000e+00   3.7618379e+00   2.9972444e+00
   1.6500000e+00   3.0000000e+00   3.7630091e+00   2.9972444e+00
   1.7000000e+00   3.0000000e+00   3.7725765e+00   2.9893420e+00
   1.7500000e+00   3.0000000e+00   3.7767563e+00   2.9896712e+00
   1.8000000e+00   3.0000000e+00   3.7905919e+00   2.9807810e+00
   1.8500000e+00   3.0000000e+00   3.7977105e+00   2.9817688e+00
   1.9000000e+00   3.0000000e+00   3.8061584e+00   2.9811103e+00
   1.9500000e+00   3.0000000e+00   3.8068398e+00   2.9880249e+00
   2.0000000e+00   3.0000000e+00   3.8066815e+00   2.9929639e+00
   2.0500000e+00   3.0000000e+00   3.8110712e+00   2.9916468e+00
   2.1000000e+00   3.0000000e+00   3.8104231e+00   2.9955980e+00
   2.1500000e+00   3.0000000e+00   3.8133435e+00   2.9946102e+00
   2.2000000e+00   3.0000000e+00   3.8121357e+00   2.9979029e+00
   2.2500000e+00   3.0000000e+00   3.8175750e+00   2.9936224e+00
   2.3000000e+00   3.0000000e+00   3.8087405e+00   3.0044883e+00
   2.3500000e+00   3.0000000e+00   3.8050837e+00   3.0061346e+00
   2.4000000e+00   3.0000000e+00   3.8087738e+00   3.0002078e+00
   2.4500000e+00   3.0000000e+00   3.8167319e+00   2.9926346e+00
   2.5000000e+00   3.0000000e+00   3.8100665e+00   3.0018541e+00
   2.5500000e+00   3.0000000e+00   3.8092785e+00   3.0018541e+00
   2.6000000e+00   3.0000000e+00   3.8105896e+00   2.9998785e+00
   2.6500000e+00   3.0000000e+00   3.8102913e+00   3.0002078e+00
   2.7000000e+00   3.0000000e+00   3.8028562e+00   3.0071224e+00
   2.7500000e+00   3.0000000e+00   3.8064763e+00   3.0008663e+00
   2.8000000e+00   3.0000000e+00   3.8075075e+00   2.9995493e+00
   2.8500000e+00   3.0000000e+00   3.8108477e+00   2.9965859e+00
   2.9000000e+00   3.0000000e+00   3.8081005e+00   3.0005371e+00
   2.9500000e+00   3.0000000e+00   3.8036741e+00   3.0044883e+00
   3.0000000e+00   3.0000000e+00   3.8014167e+00   3.0048175e+00
   3.0500000e+00   3.0000000e+00   3.8060164e+00   2.9985615e+00
   3.1000000e+00   3.0000000e+00   3.8041788e+00   3.0008663e+00
   3.1500000e+00   3.0000000e+00   3.8132565e+00   2.9919761e+00
   3.2000000e+00   3.0000000e+00   3.8037223e+00   3.0041590e+00
   3.2500000e+00   3.0000000e+00   3.8023046e+00   3.0038297e+00
   3.3000000e+00   3.0000000e+00   3.8006770e+00   3.0038297e+00
   3.3500000e+00   3.0000000e+00   3.8025478e+00   3.0005371e+00
   3.4000000e+00   3.0000000e+00   3.8068675e+00   2.9962566e+00
   3.4500000e+00   3.0000000e+00   3.8105576e+00   2.9942810e+00
   3.5000000e+00   3.0000000e+00   3.8077405e+00   2.9992200e+00
   3.5500000e+00   3.0000000e+00   3.8017747e+00   3.0051468e+00
   3.6000000e+00   3.0000000e+00   3.8009867e+00   3.0038297e+00
   3.6500000e+00   3.0000000e+00   3.8084551e+00   2.9952688e+00
   3.7000000e+00   3.0000000e+00   3.8017197e+00   3.0035005e+00
   3.7500000e+00   3.0000000e+00   3.8005818e+00   3.0031712e+00
   3.8000000e+00   3.0000000e+00   3.8118285e+00   2.9913176e+00
   3.8500000e+00   3.0000000e+00   3.8053730e+00   3.0008663e+00
   3.9000000e+00   3.0000000e+00   3.8053547e+00   3.0005371e+00
   3.9500000e+00   3.0000000e+00   3.8040769e+00   3.0015249e+00
   4.0000000e+00   3.0000000e+00   3.8020294e+00   3.0028419e+00
   4.0500000e+00   3.0000000e+00   3.8018711e+00   3.0018541e+00
   4.1000000e+00   3.0000000e+00   3.8035321e+00   2.9995493e+00
   4.1500000e+00   3.0000000e+00   3.8051230e+00   2.9982322e+00
   4.2000000e+00   3.0000000e+00   3.8086731e+00   2.9955980e+00
   4.2500000e+00   3.0000000e+00   3.8038968e+00   3.0018541e+00
   4.3000000e+00   3.0000000e+00   3.8069572e+00   2.9982322e+00
   4.3500000e+00   3.0000000e+00   3.8045599e+00   3.0011956e+00
   4.4000000e+00   3.0000000e+00   3.8030022e+00   3.0021834e+00
   4.4500000e+00   3.0000000e+00   3.8052229e+00   2.9992200e+00
   4.5000000e+00   3.0000000e+00   3.8027556e+00   3.0018541e+00
   4.5500000e+00   3.0000000e+00   3.8072153e+00   2.9969151e+00
   4.6000000e+00   3.0000000e+00   3.7983808e+00   3.0064639e+00
   4.6500000e+00   3.0000000e+00   3.8040300e+00   2.9985615e+00
   4.7000000e+00   3.0000000e+00   3.8007930e+00   3.0021834e+00
   4.7500000e+00   3.0000000e+00   3.8072119e+00   2.9952688e+00
   4.8000000e+00   3.0000000e+00   3.8099223e+00   2.9946102e+00
   4.8500000e+00   3.0000000e+00   3.8080148e+00   2.9985615e+00
   4.9000000e+00   3.0000000e+00   3.8061773e+00   3.0008663e+00
   4.9500000e+00   3.0000000e+00   3.8100072e+00   2.9969151e+00
   5.0000000e+00  -3.0000000e+00  -2.5720780e+00   3.0048175e+00
   5.0500000e+00  -3.0000000e+00  -4.2414610e+00   2.1740745e+00
   5.1000000e+00  -3.0000000e+00  -5.0000000e+00   1.6465868e+00
   5.1500000e+00  -3.0000000e+00  -5.0000000e+00   1.0259157e+00
   5.2000000e+00  -3.0000000e+00  -5.0000000e+00   4.2006131e-01
   5.2500000e+00  -3.0000000e+00  -5.0000000e+00  -2.3814698e-01
   5.3000000e+00  -3.0000000e+00  -5.0000000e+00  -6.0231831e-01
   5.3500000e+00  -3.0000000e+00  -5.0000000e+00  -1.0260873e+00
   5.4000000e+00  -3.0000000e+00  -5.0000000e+00  -1.4139660e+00
   5.4500000e+00  -3.0000000e+00  -5.0000000e+00  -1.7593689e+00
   5.5000000e+00  -3.0000000e+00  -5.0000000e+00  -2.0955523e+00
   5.5500000e+00  -3.0000000e+00  -5.0000000e+00  -2.4070404e+00
   5.6000000e+00  -3.0000000e+00  -4.9752782e+00  -2.6674919e+00
   5.6500000e+00  -3.0000000e+00  -4.8930414e+00  -2.8778944e+00
   5.7000000e+00  -3.0000000e+00  -4.7707121e+00  -3.0418701e+00
   5.7500000e+00  -3.0000000e+00  -4.6063311e+00  -3.1798336e+00
   5.8000000e+00  -3.0000000e+00  -4.4518859e+00  -3.2532604e+00
   5.8500000e+00  -3.0000000e+00  -4.2851260e+00  -3.3089067e+00
   5.9000000e+00  -3.0000000e+00  -4.1335494e+00  -3.3280043e+00
   5.9500000e+00  -3.0000000e+00  -4.0025439e+00  -3.3201019e+00
   6.0000000e+00  -3.0000000e+00  -3.9172286e+00  -3.2723580e+00
   6.0500000e+00  -3.0000000e+00  -3.8476563e+00  -3.2288945e+00
   6.1000000e+00  -3.0000000e+00  -3.7909584e+00  -3.1906994e+00
   6.1500000e+00  -3.0000000e+00  -3.7690354e+00  -3.1350531e+00
   6.2000000e+00  -3.0000000e+00  -3.7497713e+00  -3.0991628e+00
   6.2500000e+00  -3.0000000e+00  -3.7398131e+00  -3.0688701e+00
   6.3000000e+00  -3.0000000e+00  -3.7427293e+00  -3.0385774e+00
   6.3500000e+00  -3.0000000e+00  -3.7546715e+00  -3.0119067e+00
   6.4000000e+00  -3.0000000e+00  -3.7706020e+00  -2.9921506e+00
   6.4500000e+00  -3.0000000e+00  -3.7872323e+00  -2.9796384e+00
   6.5000000e+00  -3.0000000e+00  -3.7958859e+00  -2.9796384e+00
   6.5500000e+00  -3.0000000e+00  -3.8129360e+00  -2.9717359e+00
   6.6000000e+00  -3.0000000e+00  -3.8224993e+00  -2.9740408e+00
   6.6500000e+00  -3.0000000e+00  -3.8321325e+00  -2.9753579e+00
   6.7000000e+00  -3.0000000e+00  -3.8331595e+00  -2.9842481e+00
   6.7500000e+00  -3.0000000e+00  -3.8388045e+00  -2.9852359e+00
   6.8000000e+00  -3.0000000e+00  -3.8517264e+00  -2.9789798e+00
   6.8500000e+00  -3.0000000e+00  -3.8456165e+00  -2.9931384e+00
   6.9000000e+00  -3.0000000e+00  -3.8453840e+00  -2.9961018e+00
   6.9500000e+00  -3.0000000e+00  -3.8571864e+00  -2.9865530e+00
   7.0000000e+00  -3.0000000e+00  -3.8482077e+00  -3.0003823e+00
   7.0500000e+00  -3.0000000e+00  -3.8546924e+00  -2.9941262e+00
   7.1000000e+00  -3.0000000e+00  -3.8410957e+00  -3.0092725e+00
   7.1500000e+00  -3.0000000e+00  -3.8417029e+00  -3.0049920e+00
   7.2000000e+00  -3.0000000e+00  -3.8437795e+00  -3.0010408e+00
   7.2500000e+00  -3.0000000e+00  -3.8408882e+00  -3.0033457e+00
   7.3000000e+00  -3.0000000e+00  -3.8296705e+00  -3.0125652e+00
   7.3500000e+00  -3.0000000e+00  -3.8421725e+00  -2.9957725e+00
   7.4000000e+00  -3.0000000e+00  -3.8499166e+00  -2.9901750e+00
   7.4500000e+00  -3.0000000e+00  -3.8446464e+00  -2.9990652e+00
   7.5000000e+00  -3.0000000e+00  -3.8359476e+00  -3.0076262e+00
   7.5500000e+00  -3.0000000e+00  -3.8323566e+00  -3.0079555e+00
   7.6000000e+00  -3.0000000e+00  -3.8331737e+00  -3.0040042e+00
   7.6500000e+00  -3.0000000e+00  -3.8395184e+00  -2.9964311e+00
   7.7000000e+00  -3.0000000e+00  -3.8357875e+00  -3.0013701e+00
   7.7500000e+00  -3.0000000e+00  -3.8317067e+00  -3.0046628e+00
   7.8000000e+00  -3.0000000e+00  -3.8419697e+00  -2.9931384e+00
   7.8500000e+00  -3.0000000e+00  -3.8245948e+00  -3.0122360e+00
   7.9000000e+00  -3.0000000e+00  -3.8400355e+00  -2.9928091e+00
   7.9500000e+00  -3.0000000e+00  -3.8402928e+00  -2.9954433e+00
   8.0000000e+00  -3.0000000e+00  -3.8422294e+00  -2.9954433e+00
   8.0500000e+00  -3.0000000e+00  -3.8410174e+00  -2.9984067e+00
   8.1000000e+00  -3.0000000e+00  -3.8416946e+00  -2.9984067e+00
   8.1500000e+00  -3.0000000e+00  -3.8329259e+00  -3.0072969e+00
   8.2000000e+00  -3.0000000e+00  -3.8319238e+00  -3.0053213e+00
   8.2500000e+00  -3.0000000e+00  -3.8300120e+00  -3.0049920e+00
   8.3000000e+00  -3.0000000e+00  -3.8404849e+00  -2.9931384e+00
   8.3500000e+00  -3.0000000e+00  -3.8364042e+00  -2.9997238e+00
   8.4000000e+00  -3.0000000e+00  -3.8347723e+00  -3.0013701e+00
   8.4500000e+00  -3.0000000e+00  -3.8243943e+00  -3.0105896e+00
   8.5000000e+00  -3.0000000e+00  -3.8310889e+00  -3.0000530e+00
   8.5500000e+00  -3.0000000e+00  -3.8321159e+00  -2.9990652e+00
   8.6000000e+00  -3.0000000e+00  -3.8300642e+00  -3.0013701e+00
   8.6500000e+00  -3.0000000e+00  -3.8420764e+00  -2.9895164e+00
   8.7000000e+00  -3.0000000e+00  -3.8325380e+00  -3.0026872e+00
   8.7500000e+00  -3.0000000e+00  -3.8373434e+00  -2.9970896e+00
   8.8000000e+00  -3.0000000e+00  -3.8364812e+00  -2.9990652e+00
   8.8500000e+00  -3.0000000e+00  -3.8389776e+00  -2.9970896e+00
   8.9000000e+00  -3.0000000e+00  -3.8318182e+00  -3.0049920e+00
   8.9500000e+00  -3.0000000e+00  -3.8387926e+00  -2.9964311e+00
   9.0000000e+00  -3.0000000e+00  -3.8431082e+00  -2.9937969e+00
   9.0500000e+00  -3.0000000e+00  -3.8310509e+00  -3.0076262e+00
   9.1000000e+00  -3.0000000e+00  -3.8362061e+00  -2.9997238e+00
   9.1500000e+00  -3.0000000e+00  -3.8296764e+00  -3.0059799e+00
   9.2000000e+00  -3.0000000e+00  -3.8355313e+00  -2.9980774e+00
   9.2500000e+00  -3.0000000e+00  -3.8373979e+00  -2.9970896e+00
   9.3000000e+00  -3.0000000e+00  -3.8316379e+00  -3.0036750e+00
   9.3500000e+00  -3.0000000e+00  -3.8304259e+00  -3.0033457e+00
   9.4000000e+00  -3.0000000e+00  -3.8328523e+00  -2.9997238e+00
   9.4500000e+00  -3.0000000e+00  -3.8382174e+00  -2.9947847e+00
   9.5000000e+00  -3.0000000e+00  -3.8386847e+00  -2.9964311e+00
   9.5500000e+00  -3.0000000e+00  -3.8349537e+00  -3.0013701e+00
   9.6000000e+00  -3.0000000e+00  -3.8315727e+00  -3.0040042e+00
   9.6500000e+00  -3.0000000e+00  -3.8242733e+00  -3.0092725e+00
   9.7000000e+00  -3.0000000e+00  -3.8350261e+00  -2.9954433e+00
   9.7500000e+00  -3.0000000e+00  -3.8320648e+00  -3.0000530e+00
   9.8000000e+00  -3.0000000e+00  -3.8460362e+00  -2.9868823e+00
   9.8500000e+00  -3.0000000e+00  -3.8372675e+00  -3.0003823e+00
   9.9000000e+00  -3.0000000e+00  -3.8350059e+00  -3.0023579e+00
   9.9500000e+00  -3.0000000e+00  -3.8375023e+00  -2.9990652e+00
   1.0000000e+01   3.0000000e+00   2.5395494e+00  -3.0013701e+00
   1.0050000e+01   3.0000000e+00   4.5093843e+00  -2.4547844e+00
   1.0100000e+01   3.0000000e+00   5.0000000e+00  -1.9309179e+00
   1.0150000e+01   3.0000000e+00   5.0000000e+00  -1.4304294e+00
   1.0200000e+01   3.0000000e+00   5.0000000e+00  -9.6352622e-01
   1.0250000e+01   3.0000000e+00   5.0000000e+00  -5.1572060e-01
   1.0300000e+01   3.0000000e+00   5.0000000e+00  -1.0874434e-01
   1.0350000e+01   3.0000000e+00   5.0000000e+00   2.2513421e-01
   1.0400000e+01   3.0000000e+00   5.0000000e+00   5.0962241e-01
   1.0450000e+01   3.0000000e+00   5.0000000e+00   7.6283003e-01
   1.0500000e+01   3.0000000e+00   5.0000000e+00   1.0134035e+00
   1.0550000e+01   3.0000000e+00   5.0000000e+00   1.2369768e+00
   1.0600000e+01   3.0000000e+00   5.0000000e+00   1.4559403e+00
   1.0650000e+01   3.0000000e+00   5.0000000e+00   1.6650258e+00
   1.0700000e+01   3.0000000e+00   5.0000000e+00   1.8474405e+00
   1.0750000e+01   3.0000000e+00   5.0000000e+00   2.0298551e+00
   1.0800000e+01   3.0000000e+00   5.0000000e+00   2.2112818e+00
   1.0850000e+01   3.0000000e+00   5.0000000e+00   2.3564891e+00
   1.0900000e+01   3.0000000e+00   5.0000000e+00   2.5128914e+00
   1.0950000e+01   3.0000000e+00   5.0000000e+00   2.6600742e+00
   1.1000000e+01   3.0000000e+00   5.0000000e+00   2.7861837e+00
   1.1050000e+01   3.0000000e+00   4.9509331e+00   2.9178909e+00
   1.1100000e+01   3.0000000e+00   4.8605843e+00   3.0357687e+00
   1.1150000e+01   3.0000000e+00   4.7155894e+00   3.1579270e+00
   1.1200000e+01   3.0000000e+00   4.5466650e+00   3.2537439e+00
   1.1250000e+01   3.0000000e+00   4.3643065e+00   3.3238779e+00
   1.1300000e+01   3.0000000e+00   4.1951722e+00   3.3535119e+00
   1.1350000e+01   3.0000000e+00   4.0596232e+00   3.3396827e+00
   1.1400000e+01   3.0000000e+00   3.9435956e+00   3.3130120e+00
   1.1450000e+01   3.0000000e+00   3.8567453e+00   3.2695487e+00
   1.1500000e+01   3.0000000e+00   3.7887167e+00   3.2257561e+00
   1.1550000e+01   3.0000000e+00   3.7483960e+00   3.1734026e+00
   1.1600000e+01   3.0000000e+00   3.7208797e+00   3.1299393e+00
   1.1650000e+01   3.0000000e+00   3.7121851e+00   3.0861467e+00
   1.1700000e+01   3.0000000e+00   3.7095079e+00   3.0542077e+00
   1.1750000e+01   3.0000000e+00   3.7214543e+00   3.0212809e+00
   1.1800000e+01   3.0000000e+00   3.7327011e+00   3.0021834e+00
   1.1850000e+01   3.0000000e+00   3.7440178e+00   2.9906590e+00
   1.1900000e+01   3.0000000e+00   3.7567339e+00   2.9824273e+00
   1.1950000e+01   3.0000000e+00   3.7750475e+00   2.9722200e+00
   1.2000000e+01   3.0000000e+00   3.7805567e+00   2.9781469e+00
   1.2050000e+01   3.0000000e+00   3.7936926e+00   2.9745249e+00
   1.2100000e+01   3.0000000e+00   3.8041697e+00   2.9748542e+00
   1.2150000e+01   3.0000000e+00   3.8201044e+00   2.9699152e+00
   1.2200000e+01   3.0000000e+00   3.8143485e+00   2.9873664e+00
   1.2250000e+01   3.0000000e+00   3.8246157e+00   2.9827566e+00
   1.2300000e+01   3.0000000e+00   3.8137521e+00   2.9998785e+00
   1.2350000e+01   3.0000000e+00   3.8176520e+00   2.9962566e+00
   1.2400000e+01   3.0000000e+00   3.8209922e+00   2.9946102e+00
   1.2450000e+01   3.0000000e+00   3.8201342e+00   2.9975737e+00
   1.2500000e+01   3.0000000e+00   3.8180168e+00   3.0005371e+00
   1.2550000e+01   3.0000000e+00   3.8149898e+00   3.0031712e+00
   1.2600000e+01   3.0000000e+00   3.8125925e+00   3.0041590e+00
   1.2650000e+01   3.0000000e+00   3.8104751e+00   3.0044883e+00
   1.2700000e+01   3.0000000e+00   3.8050691e+00   3.0077810e+00
   1.2750000e+01   3.0000000e+00   3.8119077e+00   2.9982322e+00
   1.2800000e+01   3.0000000e+00   3.8123092e+00   2.9985615e+00
   1.2850000e+01   3.0000000e+00   3.8118710e+00   2.9995493e+00
   1.2900000e+01   3.0000000e+00   3.8096137e+00   3.0018541e+00
   1.2950000e+01   3.0000000e+00   3.8084758e+00   3.0021834e+00
   1.3000000e+01   3.0000000e+00   3.8054488e+00   3.0041590e+00
   1.3050000e+01   3.0000000e+00   3.8092788e+00   2.9988907e+00
   1.3100000e+01   3.0000000e+00   3.8094004e+00   2.9992200e+00
   1.3150000e+01   3.0000000e+00   3.8020352e+00   3.0064639e+00
   1.3200000e+01   3.0000000e+00   3.8090838e+00   2.9972444e+00
   1.3250000e+01   3.0000000e+00   3.8053571e+00   3.0018541e+00
   1.3300000e+01   3.0000000e+00   3.7996712e+00   3.0064639e+00
   1.3350000e+01   3.0000000e+00   3.8119675e+00   2.9923054e+00
   1.3400000e+01   3.0000000e+00   3.8110395e+00   2.9962566e+00
   1.3450000e+01   3.0000000e+00   3.8112311e+00   2.9975737e+00
   1.3500000e+01   3.0000000e+00   3.8042158e+00   3.0051468e+00
   1.3550000e+01   3.0000000e+00   3.8090253e+00   2.9985615e+00
   1.3600000e+01   3.0000000e+00   3.8012404e+00   3.0064639e+00
   1.3650000e+01   3.0000000e+00   3.8075893e+00   2.9979029e+00
   1.3700000e+01   3.0000000e+00   3.8025331e+00   3.0035005e+00
   1.3750000e+01   3.0000000e+00   3.8062931e+00   2.9985615e+00
   1.3800000e+01   3.0000000e+00   3.8009571e+00   3.0041590e+00
   1.3850000e+01   3.0000000e+00   3.8005889e+00   3.0028419e+00
   1.3900000e+01   3.0000000e+00   3.8077774e+00   2.9949395e+00
   1.3950000e+01   3.0000000e+00   3.8064297e+00   2.9982322e+00
   1.4000000e+01   3.0000000e+00   3.8124287e+00   2.9932932e+00
   1.4050000e+01   3.0000000e+00   3.8093317e+00   2.9988907e+00
   1.4100000e+01   3.0000000e+00   3.8084037e+00   3.0002078e+00
   1.4150000e+01   3.0000000e+00   3.8051668e+00   3.0031712e+00
   1.4200000e+01   3.0000000e+00   3.8059181e+00   3.0011956e+00
   1.4250000e+01   3.0000000e+00   3.8054100e+00   3.0011956e+00
   1.4300000e+01   3.0000000e+00   3.8052517e+00   3.0008663e+00
   1.4350000e+01   3.0000000e+00   3.8094315e+00   2.9965859e+00
   1.4400000e+01   3.0000000e+00   3.8021364e+00   3.0048175e+00
   1.4450000e+01   3.0000000e+00   3.8021880e+00   3.0028419e+00
   1.4500000e+01   3.0000000e+00   3.8013300e+00   3.0025127e+00
   1.4550000e+01   3.0000000e+00   3.8062095e+00   2.9969151e+00
   1.4600000e+01   3.0000000e+00   3.8071708e+00   2.9972444e+00
   1.4650000e+01   3.0000000e+00   3.8149890e+00   2.9909883e+00
   1.4700000e+01   3.0000000e+00   3.8062245e+00   3.0028419e+00
   1.4750000e+01   3.0000000e+00   3.8137628e+00   2.9946102e+00
   1.4800000e+01   3.0000000e+00   3.8062577e+00   3.0038297e+00
   1.4850000e+01   3.0000000e+00   3.8088283e+00   2.9998785e+00
   1.4900000e+01   3.0000000e+00   3.8057313e+00   3.0028419e+00
   1.4950000e+01   3.0000000e+00   3.8108207e+00   2.9969151e+00
   1.5000000e+01  -3.0000000e+00  -2.5663667e+00   3.0002078e+00
   1.5050000e+01  -3.0000000e+00  -4.3845748e+00   2.3113793e+00
   1.5100000e+01  -3.0000000e+00  -5.0000000e+00   1.6373672e+00
   1.5150000e+01  -3.0000000e+00  -5.0000000e+00   1.0170254e+00
   1.5200000e+01  -3.0000000e+00  -5.0000000e+00   4.2137839e-01
   1.5250000e+01  -3.0000000e+00  -5.0000000e+00  -1.1532971e-01
   1.5300000e+01  -3.0000000e+00  -5.0000000e+00  -5.7433046e-01
   1.5350000e+01  -3.0000000e+00  -5.0000000e+00  -1.0580264e+00
   1.5400000e+01  -3.0000000e+00  -5.0000000e+00  -1.3583195e+00
   1.5450000e+01  -3.0000000e+00  -5.0000000e+00  -1.7313811e+00
   1.5500000e+01  -3.0000000e+00  -5.0000000e+00  -2.0744791e+00
   1.5550000e+01  -3.0000000e+00  -5.0000000e+00  -2.3843209e+00
   1.5600000e+01  -3.0000000e+00  -4.9824850e+00  -2.6470772e+00
   1.5650000e+01  -3.0000000e+00  -4.9103239e+00  -2.8561627e+00
   1.5700000e+01  -3.0000000e+00  -4.7898838e+00  -3.0270530e+00
   1.5750000e+01  -3.0000000e+00  -4.6398465e+00  -3.1574433e+00
   1.5800000e+01  -3.0000000e+00  -4.4553843e+00  -3.2680775e+00
   1.5850000e+01  -3.0000000e+00  -4.2935223e+00  -3.3131872e+00
   1.5900000e+01  -3.0000000e+00  -4.1411761e+00  -3.3312970e+00
   1.5950000e+01  -3.0000000e+00  -4.0339603e+00  -3.2996872e+00
   1.6000000e+01  -3.0000000e+00  -3.9296831e+00  -3.2779555e+00
   1.6050000e+01  -3.0000000e+00  -3.8594811e+00  -3.2328458e+00
   1.6100000e+01  -3.0000000e+00  -3.7969058e+00  -3.1986019e+00
   1.6150000e+01  -3.0000000e+00  -3.7681258e+00  -3.1462482e+00
   1.6200000e+01  -3.0000000e+00  -3.7504010e+00  -3.1044311e+00
   1.6250000e+01  -3.0000000e+00  -3.7525475e+00  -3.0606384e+00
   1.6300000e+01  -3.0000000e+00  -3.7467175e+00  -3.0418701e+00
   1.6350000e+01  -3.0000000e+00  -3.7611087e+00  -3.0115774e+00
   1.6400000e+01  -3.0000000e+00  -3.7680831e+00  -3.0003823e+00
   1.6450000e+01  -3.0000000e+00  -3.7843635e+00  -2.9849067e+00
   1.6500000e+01  -3.0000000e+00  -3.7988247e+00  -2.9773335e+00
   1.6550000e+01  -3.0000000e+00  -3.8158047e+00  -2.9704189e+00
   1.6600000e+01  -3.0000000e+00  -3.8185810e+00  -2.9796384e+00
   1.6650000e+01  -3.0000000e+00  -3.8282842e+00  -2.9786506e+00
   1.6700000e+01  -3.0000000e+00  -3.8370079e+00  -2.9789798e+00
   1.6750000e+01  -3.0000000e+00  -3.8455916e+00  -2.9793091e+00
   1.6800000e+01  -3.0000000e+00  -3.8501870e+00  -2.9832603e+00
   1.6850000e+01  -3.0000000e+00  -3.8510041e+00  -2.9891872e+00
   1.6900000e+01  -3.0000000e+00  -3.8475531e+00  -2.9967603e+00
   1.6950000e+01  -3.0000000e+00  -3.8478804e+00  -2.9977481e+00
   1.7000000e+01  -3.0000000e+00  -3.8505867e+00  -2.9961018e+00
   1.7050000e+01  -3.0000000e+00  -3.8452465e+00  -3.0026872e+00
   1.7100000e+01  -3.0000000e+00  -3.8504017e+00  -2.9967603e+00
   1.7150000e+01  -3.0000000e+00  -3.8458311e+00  -3.0023579e+00
   1.7200000e+01  -3.0000000e+00  -3.8476278e+00  -2.9997238e+00
   1.7250000e+01  -3.0000000e+00  -3.8445966e+00  -3.0026872e+00
   1.7300000e+01  -3.0000000e+00  -3.8431047e+00  -3.0030164e+00
   1.7350000e+01  -3.0000000e+00  -3.8400735e+00  -3.0046628e+00
   1.7400000e+01  -3.0000000e+00  -3.8412404e+00  -3.0016994e+00
   1.7450000e+01  -3.0000000e+00  -3.8384191e+00  -3.0036750e+00
   1.7500000e+01  -3.0000000e+00  -3.8368572e+00  -3.0036750e+00
   1.7550000e+01  -3.0000000e+00  -3.8426422e+00  -2.9967603e+00
   1.7600000e+01  -3.0000000e+00  -3.8335236e+00  -3.0066384e+00
   1.7650000e+01  -3.0000000e+00  -3.8373494e+00  -3.0003823e+00
   1.7700000e+01  -3.0000000e+00  -3.8424346e+00  -2.9954433e+00
   1.7750000e+01  -3.0000000e+00  -3.8401731e+00  -2.9993945e+00
   1.7800000e+01  -3.0000000e+00  -3.8446286e+00  -2.9954433e+00
   1.7850000e+01  -3.0000000e+00  -3.8360698e+00  -3.0053213e+00
   1.7900000e+01  -3.0000000e+00  -3.8383562e+00  -3.0010408e+00
   1.7950000e+01  -3.0000000e+00  -3.8358148e+00  -3.0030164e+00
   1.8000000e+01  -3.0000000e+00  -3.8362820e+00  -3.0013701e+00
   1.8050000e+01  -3.0000000e+00  -3.8426967e+00  -2.9947847e+00
   1.8100000e+01  -3.0000000e+00  -3.8379162e+00  -3.0013701e+00
   1.8150000e+01  -3.0000000e+00  -3.8450306e+00  -2.9941262e+00
   1.8200000e+01  -3.0000000e+00  -3.8342327e+00  -3.0066384e+00
   1.8250000e+01  -3.0000000e+00  -3.8370090e+00  -3.0013701e+00
   1.8300000e+01  -3.0000000e+00  -3.8336279e+00  -3.0040042e+00
   1.8350000e+01  -3.0000000e+00  -3.8417219e+00  -2.9947847e+00
   1.8400000e+01  -3.0000000e+00  -3.8365915e+00  -3.0016994e+00
   1.8450000e+01  -3.0000000e+00  -3.8428663e+00  -2.9951140e+00
   1.8500000e+01  -3.0000000e+00  -3.8340975e+00  -3.0053213e+00
   1.8550000e+01  -3.0000000e+00  -3.8388329e+00  -2.9987359e+00
   1.8600000e+01  -3.0000000e+00  -3.8337726e+00  -3.0040042e+00
   1.8650000e+01  -3.0000000e+00  -3.8369687e+00  -2.9993945e+00
   1.8700000e+01  -3.0000000e+00  -3.8375758e+00  -2.9990652e+00
   1.8750000e+01  -3.0000000e+00  -3.8407719e+00  -2.9964311e+00
   1.8800000e+01  -3.0000000e+00  -3.8317933e+00  -3.0063091e+00
   1.8850000e+01  -3.0000000e+00  -3.8392575e+00  -2.9967603e+00
   1.8900000e+01  -3.0000000e+00  -3.8360863e+00  -3.0010408e+00
   1.8950000e+01  -3.0000000e+00  -3.8387926e+00  -2.9980774e+00
   1.9000000e+01  -3.0000000e+00  -3.8399595e+00  -2.9977481e+00
   1.9050000e+01  -3.0000000e+00  -3.8426658e+00  -2.9961018e+00
   1.9100000e+01  -3.0000000e+00  -3.8373256e+00  -3.0026872e+00
   1.9150000e+01  -3.0000000e+00  -3.8347842e+00  -3.0040042e+00
   1.9200000e+01  -3.0000000e+00  -3.8288842e+00  -3.0079555e+00
   1.9250000e+01  -3.0000000e+00  -3.8412463e+00  -2.9931384e+00
   1.9300000e+01  -3.0000000e+00  -3.8322676e+00  -3.0043335e+00
   1.9350000e+01  -3.0000000e+00  -3.8405715e+00  -2.9947847e+00
   1.9400000e+01  -3.0000000e+00  -3.8312430e+00  -3.0056506e+00
   1.9450000e+01  -3.0000000e+00  -3.8407363e+00  -2.9944555e+00
   1.9500000e+01  -3.0000000e+00  -3.8381949e+00  -2.9990652e+00
   1.9550000e+01  -3.0000000e+00  -3.8420906e+00  -2.9957725e+00
   1.9600000e+01  -3.0000000e+00  -3.8361907e+00  -3.0030164e+00
   1.9650000e+01  -3.0000000e+00  -3.8370078e+00  -3.0010408e+00
   1.9700000e+01  -3.0000000e+00  -3.8302681e+00  -3.0069677e+00
   1.9750000e+01  -3.0000000e+00  -3.8420005e+00  -2.9931384e+00
   1.9800000e+01  -3.0000000e+00  -3.8358206e+00  -3.0016994e+00
   1.9850000e+01  -3.0000000e+00  -3.8406960e+00  -2.9964311e+00
   1.9900000e+01  -3.0000000e+00  -3.8324170e+00  -3.0056506e+00
   1.9950000e+01  -3.0000000e+00  -3.8384119e+00  -2.9977481e+00
   2.0000000e+01   3.0000000e+00   2.5373803e+00  -2.9993945e+00
   2.0050000e+01   3.0000000e+00   4.4993787e+00  -2.4462234e+00
   2.0100000e+01   3.0000000e+00   5.0000000e+00  -1.9286130e+00
   2.0150000e+01   3.0000000e+00   5.0000000e+00  -1.4271367e+00
   2.0200000e+01   3.0000000e+00   5.0000000e+00  -8.6244069e-01
   2.0250000e+01   3.0000000e+00   5.0000000e+00  -5.1209865e-01
   2.0300000e+01   3.0000000e+00   5.0000000e+00  -8.8988210e-02
   2.0350000e+01   3.0000000e+00   5.0000000e+00   2.5312206e-01
   2.0400000e+01   3.0000000e+00   5.0000000e+00   5.4320781e-01
   2.0450000e+01   3.0000000e+00   5.0000000e+00   8.4119596e-01
   2.0500000e+01   3.0000000e+00   5.0000000e+00   1.0479767e+00
   2.0550000e+01   3.0000000e+00   5.0000000e+00   1.2735256e+00
   2.0600000e+01   3.0000000e+00   5.0000000e+00   1.4872209e+00
   2.0650000e+01   3.0000000e+00   5.0000000e+00   1.6923551e+00
   2.0700000e+01   3.0000000e+00   5.0000000e+00   1.8899161e+00
   2.0750000e+01   3.0000000e+00   5.0000000e+00   2.0489526e+00
   2.0800000e+01   3.0000000e+00   5.0000000e+00   2.2218184e+00
   2.0850000e+01   3.0000000e+00   5.0000000e+00   2.4101598e+00
   2.0900000e+01   3.0000000e+00   5.0000000e+00   2.5214523e+00
   2.0950000e+01   3.0000000e+00   5.0000000e+00   2.7058424e+00
   2.1000000e+01   3.0000000e+00   5.0000000e+00   2.8145008e+00
   2.1050000e+01   3.0000000e+00   4.9388984e+00   2.9462079e+00
   2.1100000e+01   3.0000000e+00   4.8410628e+00   3.0598052e+00
   2.1150000e+01   3.0000000e+00   4.7001961e+00   3.1684636e+00
   2.1200000e+01   3.0000000e+00   4.5082518e+00   3.2817316e+00
   2.1250000e+01   3.0000000e+00   4.3248438e+00   3.3416583e+00
   2.1300000e+01   3.0000000e+00   4.1687937e+00   3.3518656e+00
   2.1350000e+01   3.0000000e+00   4.0241487e+00   3.3472558e+00
   2.1400000e+01   3.0000000e+00   3.9139986e+00   3.3120242e+00
   2.1450000e+01   3.0000000e+00   3.8265185e+00   3.2695487e+00
   2.1500000e+01   3.0000000e+00   3.7696850e+00   3.2152196e+00
   2.1550000e+01   3.0000000e+00   3.7387402e+00   3.1582563e+00
   2.1600000e+01   3.0000000e+00   3.7117137e+00   3.1203905e+00
   2.1650000e+01   3.0000000e+00   3.7091764e+00   3.0746223e+00
   2.1700000e+01   3.0000000e+00   3.7106974e+00   3.0433419e+00
   2.1750000e+01   3.0000000e+00   3.7202649e+00   3.0170005e+00
   2.1800000e+01   3.0000000e+00   3.7319314e+00   2.9992200e+00
   2.1850000e+01   3.0000000e+00   3.7480060e+00   2.9844029e+00
   2.1900000e+01   3.0000000e+00   3.7668794e+00   2.9728786e+00
   2.1950000e+01   3.0000000e+00   3.7735082e+00   2.9774883e+00
   2.2000000e+01   3.0000000e+00   3.7921717e+00   2.9689274e+00
   2.2050000e+01   3.0000000e+00   3.8085262e+00   2.9659640e+00
   2.2100000e+01   3.0000000e+00   3.8114465e+00   2.9768298e+00
   2.2150000e+01   3.0000000e+00   3.8107985e+00   2.9867078e+00
   2.2200000e+01   3.0000000e+00   3.8164476e+00   2.9867078e+00
   2.2250000e+01   3.0000000e+00   3.8199977e+00   2.9886834e+00
   2.2300000e+01   3.0000000e+00   3.8244574e+00   2.9890127e+00
   2.2350000e+01   3.0000000e+00   3.8249289e+00   2.9929639e+00
   2.2400000e+01   3.0000000e+00   3.8254703e+00   2.9952688e+00
   2.2450000e+01   3.0000000e+00   3.8190847e+00   3.0031712e+00
   2.2500000e+01   3.0000000e+00   3.8240342e+00   2.9972444e+00
   2.2550000e+01   3.0000000e+00   3.8122610e+00   3.0094273e+00
   2.2600000e+01   3.0000000e+00   3.8166507e+00   3.0015249e+00
   2.2650000e+01   3.0000000e+00   3.8170522e+00   3.0005371e+00
   2.2700000e+01   3.0000000e+00   3.8126258e+00   3.0044883e+00
   2.2750000e+01   3.0000000e+00   3.8131672e+00   3.0021834e+00
   2.2800000e+01   3.0000000e+00   3.8101402e+00   3.0041590e+00
   2.2850000e+01   3.0000000e+00   3.8150197e+00   2.9979029e+00
   2.2900000e+01   3.0000000e+00   3.8117128e+00   3.0018541e+00
   2.2950000e+01   3.0000000e+00   3.8133737e+00   2.9995493e+00
   2.3000000e+01   3.0000000e+00   3.8160142e+00   2.9972444e+00
   2.3050000e+01   3.0000000e+00   3.8136868e+00   3.0005371e+00
   2.3100000e+01   3.0000000e+00   3.8124090e+00   3.0015249e+00
   2.3150000e+01   3.0000000e+00   3.8047640e+00   3.0081102e+00
   2.3200000e+01   3.0000000e+00   3.8114628e+00   2.9985615e+00
   2.3250000e+01   3.0000000e+00   3.8078760e+00   3.0025127e+00
   2.3300000e+01   3.0000000e+00   3.8127555e+00   2.9969151e+00
   2.3350000e+01   3.0000000e+00   3.8116176e+00   2.9992200e+00
   2.3400000e+01   3.0000000e+00   3.8143981e+00   2.9969151e+00
   2.3450000e+01   3.0000000e+00   3.8104614e+00   3.0018541e+00
   2.3500000e+01   3.0000000e+00   3.8163205e+00   2.9955980e+00
   2.3550000e+01   3.0000000e+00   3.8052470e+00   3.0077810e+00
   2.3600000e+01   3.0000000e+00   3.8113860e+00   2.9988907e+00
   2.3650000e+01   3.0000000e+00   3.8122073e+00   2.9985615e+00
   2.3700000e+01   3.0000000e+00   3.8205153e+00   2.9913176e+00
   2.3750000e+01   3.0000000e+00   3.8067130e+00   3.0077810e+00
   2.3800000e+01   3.0000000e+00   3.8097033e+00   3.0018541e+00
   2.3850000e+01   3.0000000e+00   3.8064664e+00   3.0041590e+00
   2.3900000e+01   3.0000000e+00   3.8127453e+00   2.9965859e+00
   2.3950000e+01   3.0000000e+00   3.8061498e+00   3.0041590e+00
   2.4000000e+01   3.0000000e+00   3.8120788e+00   2.9969151e+00
   2.4050000e+01   3.0000000e+00   3.8144395e+00   2.9959273e+00
   2.4100000e+01   3.0000000e+00   3.8084737e+00   3.0031712e+00
   2.4150000e+01   3.0000000e+00   3.8064263e+00   3.0038297e+00
   2.4200000e+01   3.0000000e+00   3.8065479e+00   3.0021834e+00
   2.4250000e+01   3.0000000e+00   3.8150658e+00   2.9932932e+00
   2.4300000e+01   3.0000000e+00   3.8137180e+00   2.9972444e+00
   2.4350000e+01   3.0000000e+00   3.8089418e+00   3.0028419e+00
   2.4400000e+01   3.0000000e+00   3.8122819e+00   2.9985615e+00
   2.4450000e+01   3.0000000e+00   3.8128933e+00   2.9985615e+00
   2.4500000e+01   3.0000000e+00   3.8089567e+00   3.0028419e+00
   2.4550000e+01   3.0000000e+00   3.8070492e+00   3.0035005e+00
   2.4600000e+01   3.0000000e+00   3.8097596e+00   2.9995493e+00
   2.4650000e+01   3.0000000e+00   3.8144992e+00   2.9952688e+00
   2.4700000e+01   3.0000000e+00   3.8102127e+00   3.0011956e+00
   2.4750000e+01   3.0000000e+00   3.8044569e+00   3.0061346e+00
   2.4800000e+01   3.0000000e+00   3.8123451e+00   2.9962566e+00
   2.4850000e+01   3.0000000e+00   3.8128865e+00   2.9972444e+00
   2.4900000e+01   3.0000000e+00   3.8133579e+00   2.9979029e+00
   2.4950000e+01   3.0000000e+00   3.8086517e+00   3.0031712e+00
   2.5000000e+01  -3.0000000e+00  -2.5572007e+00   2.9932932e+00
   2.5050000e+01  -3.0000000e+00  -4.3829655e+00   2.3143428e+00
   2.5100000e+01  -3.0000000e+00  -5.0000000e+00   1.5043428e+00
   2.5150000e+01  -3.0000000e+00  -5.0000000e+00   9.8640343e-01
   2.5200000e+01  -3.0000000e+00  -5.0000000e+00   2.8045136e-01
   2.5250000e+01  -3.0000000e+00  -5.0000000e+00  -1.4529318e-01
   2.5300000e+01  -3.0000000e+00  -5.0000000e+00  -5.9441586e-01
   2.5350000e+01  -3.0000000e+00  -5.0000000e+00  -9.9777018e-01
   2.5400000e+01  -3.0000000e+00  -5.0000000e+00  -1.3958562e+00
   2.5450000e+01  -3.0000000e+00  -5.0000000e+00  -1.7629909e+00
   2.5500000e+01  -3.0000000e+00  -5.0000000e+00  -2.0962108e+00
   2.5550000e+01  -3.0000000e+00  -5.0000000e+00  -2.4060526e+00
   2.5600000e+01  -3.0000000e+00  -4.9784968e+00  -2.6638699e+00
   2.5650000e+01  -3.0000000e+00  -4.9009480e+00  -2.8713091e+00
   2.5700000e+01  -3.0000000e+00  -4.7863153e+00  -3.0306750e+00
   2.5750000e+01  -3.0000000e+00  -4.6350886e+00  -3.1607360e+00
   2.5800000e+01  -3.0000000e+00  -4.4488772e+00  -3.2716994e+00
   2.5850000e+01  -3.0000000e+00  -4.2837266e+00  -3.3184555e+00
   2.5900000e+01  -3.0000000e+00  -4.1319401e+00  -3.3339311e+00
   2.5950000e+01  -3.0000000e+00  -4.0145087e+00  -3.3108824e+00
   2.6000000e+01  -3.0000000e+00  -3.9170186e+00  -3.2782848e+00
   2.6050000e+01  -3.0000000e+00  -3.8456272e+00  -3.2341628e+00
   2.6100000e+01  -3.0000000e+00  -3.8024334e+00  -3.1811506e+00
   2.6150000e+01  -3.0000000e+00  -3.7681258e+00  -3.1409799e+00
   2.6200000e+01  -3.0000000e+00  -3.7589373e+00  -3.0932360e+00
   2.6250000e+01  -3.0000000e+00  -3.7528974e+00  -3.0616262e+00
   2.6300000e+01  -3.0000000e+00  -3.7665889e+00  -3.0240896e+00
   2.6350000e+01  -3.0000000e+00  -3.7661465e+00  -3.0148701e+00
   2.6400000e+01  -3.0000000e+00  -3.7818671e+00  -2.9941262e+00
   2.6450000e+01  -3.0000000e+00  -3.7945091e+00  -2.9845774e+00
   2.6500000e+01  -3.0000000e+00  -3.7996643e+00  -2.9858945e+00
   2.6550000e+01  -3.0000000e+00  -3.8112567e+00  -2.9806262e+00
   2.6600000e+01  -3.0000000e+00  -3.8338343e+00  -2.9671262e+00
   2.6650000e+01  -3.0000000e+00  -3.8369604e+00  -2.9773335e+00
   2.6700000e+01  -3.0000000e+00  -3.8455441e+00  -2.9783213e+00
   2.6750000e+01  -3.0000000e+00  -3.8435625e+00  -2.9888579e+00
   2.6800000e+01  -3.0000000e+00  -3.8528459e+00  -2.9845774e+00
   2.6850000e+01  -3.0000000e+00  -3.8513540e+00  -2.9921506e+00
   2.6900000e+01  -3.0000000e+00  -3.8585383e+00  -2.9885286e+00
   2.6950000e+01  -3.0000000e+00  -3.8459213e+00  -3.0049920e+00
   2.7000000e+01  -3.0000000e+00  -3.8528957e+00  -2.9964311e+00
   2.7050000e+01  -3.0000000e+00  -3.8509140e+00  -2.9997238e+00
   2.7100000e+01  -3.0000000e+00  -3.8489323e+00  -3.0016994e+00
   2.7150000e+01  -3.0000000e+00  -3.8492596e+00  -3.0007116e+00
   2.7200000e+01  -3.0000000e+00  -3.8486074e+00  -3.0010408e+00
   2.7250000e+01  -3.0000000e+00  -3.8527130e+00  -2.9967603e+00
   2.7300000e+01  -3.0000000e+00  -3.8481425e+00  -3.0023579e+00
   2.7350000e+01  -3.0000000e+00  -3.8404933e+00  -3.0086140e+00
   2.7400000e+01  -3.0000000e+00  -3.8389314e+00  -3.0066384e+00
   2.7450000e+01  -3.0000000e+00  -3.8382092e+00  -3.0046628e+00
   2.7500000e+01  -3.0000000e+00  -3.8414752e+00  -2.9997238e+00
   2.7550000e+01  -3.0000000e+00  -3.8433419e+00  -2.9980774e+00
   2.7600000e+01  -3.0000000e+00  -3.8525553e+00  -2.9901750e+00
   2.7650000e+01  -3.0000000e+00  -3.8395884e+00  -3.0063091e+00
   2.7700000e+01  -3.0000000e+00  -3.8351578e+00  -3.0079555e+00
   2.7750000e+01  -3.0000000e+00  -3.8363247e+00  -3.0036750e+00
   2.7800000e+01  -3.0000000e+00  -3.8389610e+00  -2.9997238e+00
   2.7850000e+01  -3.0000000e+00  -3.8373292e+00  -3.0013701e+00
   2.7900000e+01  -3.0000000e+00  -3.8454931e+00  -2.9931384e+00
   2.7950000e+01  -3.0000000e+00  -3.8358148e+00  -3.0049920e+00
   2.8000000e+01  -3.0000000e+00  -3.8427892e+00  -2.9964311e+00
   2.8050000e+01  -3.0000000e+00  -3.8373090e+00  -3.0030164e+00
   2.8100000e+01  -3.0000000e+00  -3.8465225e+00  -2.9931384e+00
   2.8150000e+01  -3.0000000e+00  -3.8399928e+00  -3.0020286e+00
   2.8200000e+01  -3.0000000e+00  -3.8503257e+00  -2.9914920e+00
   2.8250000e+01  -3.0000000e+00  -3.8441459e+00  -3.0007116e+00
   2.8300000e+01  -3.0000000e+00  -3.8445432e+00  -3.0000530e+00
   2.8350000e+01  -3.0000000e+00  -3.8462699e+00  -2.9984067e+00
   2.8400000e+01  -3.0000000e+00  -3.8420492e+00  -3.0030164e+00
   2.8450000e+01  -3.0000000e+00  -3.8439158e+00  -3.0000530e+00
   2.8500000e+01  -3.0000000e+00  -3.8400450e+00  -3.0036750e+00
   2.8550000e+01  -3.0000000e+00  -3.8461797e+00  -2.9964311e+00
   2.8600000e+01  -3.0000000e+00  -3.8368513e+00  -3.0066384e+00
   2.8650000e+01  -3.0000000e+00  -3.8371786e+00  -3.0036750e+00
   2.8700000e+01  -3.0000000e+00  -3.8405146e+00  -2.9990652e+00
   2.8750000e+01  -3.0000000e+00  -3.8475590e+00  -2.9928091e+00
   2.8800000e+01  -3.0000000e+00  -3.8397698e+00  -3.0030164e+00
   2.8850000e+01  -3.0000000e+00  -3.8363887e+00  -3.0049920e+00
   2.8900000e+01  -3.0000000e+00  -3.8356665e+00  -3.0036750e+00
   2.8950000e+01  -3.0000000e+00  -3.8400521e+00  -2.9980774e+00
   2.9000000e+01  -3.0000000e+00  -3.8359713e+00  -3.0026872e+00
   2.9050000e+01  -3.0000000e+00  -3.8292317e+00  -3.0079555e+00
   2.9100000e+01  -3.0000000e+00  -3.8408941e+00  -2.9937969e+00
   2.9150000e+01  -3.0000000e+00  -3.8389823e+00  -2.9980774e+00
   2.9200000e+01  -3.0000000e+00  -3.8390997e+00  -2.9987359e+00
   2.9250000e+01  -3.0000000e+00  -3.8378877e+00  -3.0003823e+00
   2.9300000e+01  -3.0000000e+00  -3.8471711e+00  -2.9914920e+00
   2.9350000e+01  -3.0000000e+00  -3.8472886e+00  -2.9947847e+00
   2.9400000e+01  -3.0000000e+00  -3.8435576e+00  -3.0003823e+00
   2.9450000e+01  -3.0000000e+00  -3.8349988e+00  -3.0082847e+00
   2.9500000e+01  -3.0000000e+00  -3.8416234e+00  -2.9987359e+00
   2.9550000e+01  -3.0000000e+00  -3.8379624e+00  -3.0026872e+00
   2.9600000e+01  -3.0000000e+00  -3.8410186e+00  -2.9987359e+00
   2.9650000e+01  -3.0000000e+00  -3.8366579e+00  -3.0033457e+00
   2.9700000e+01  -3.0000000e+00  -3.8432825e+00  -2.9957725e+00
   2.9750000e+01  -3.0000000e+00  -3.8415807e+00  -2.9990652e+00
   2.9800000e+01  -3.0000000e+00  -3.8353309e+00  -3.0053213e+00
   2.9850000e+01  -3.0000000e+00  -3.8358681e+00  -3.0026872e+00
   2.9900000e+01  -3.0000000e+00  -3.8389242e+00  -2.9987359e+00
   2.9950000e+01  -3.0000000e+00  -3.8419104e+00  -2.9964311e+00
   3.0000000e+01   3.0000000e+00   2.5427680e+00  -3.0069677e+00
   3.0050000e+01   3.0000000e+00   4.6143387e+00  -2.5538942e+00
   3.0100000e+01   3.0000000e+00   5.0000000e+00  -2.0326620e+00
   3.0150000e+01   3.0000000e+00   5.0000000e+00  -1.5226247e+00
   3.0200000e+01   3.0000000e+00   5.0000000e+00  -1.0474898e+00
   3.0250000e+01   3.0000000e+00   5.0000000e+00  -5.9935489e-01
   3.0300000e+01   3.0000000e+00   5.0000000e+00  -1.8809812e-01
   3.0350000e+01   3.0000000e+00   5.0000000e+00   1.7310975e-01
   3.0400000e+01   3.0000000e+00   5.0000000e+00   5.1917120e-01
   3.0450000e+01   3.0000000e+00   5.0000000e+00   7.2990316e-01
   3.0500000e+01   3.0000000e+00   5.0000000e+00   9.6697658e-01
   3.0550000e+01   3.0000000e+00   5.0000000e+00   1.2583793e+00
   3.0600000e+01   3.0000000e+00   5.0000000e+00   1.4697696e+00
   3.0650000e+01   3.0000000e+00   5.0000000e+00   1.6330868e+00
   3.0700000e+01   3.0000000e+00   5.0000000e+00   1.8178063e+00
   3.0750000e+01   3.0000000e+00   5.0000000e+00   2.0005502e+00
   3.0800000e+01   3.0000000e+00   5.0000000e+00   2.1704526e+00
   3.0850000e+01   3.0000000e+00   5.0000000e+00   2.3331110e+00
   3.0900000e+01   3.0000000e+00   5.0000000e+00   2.4875377e+00
   3.0950000e+01   3.0000000e+00   5.0000000e+00   2.6248425e+00
   3.1000000e+01   3.0000000e+00   5.0000000e+00   2.7707082e+00
   3.1050000e+01   3.0000000e+00   4.9669561e+00   2.8935250e+00
   3.1100000e+01   3.0000000e+00   4.8841639e+00   3.0140370e+00
   3.1150000e+01   3.0000000e+00   4.7445567e+00   3.1398173e+00
   3.1200000e+01   3.0000000e+00   4.5654867e+00   3.2524268e+00
   3.1250000e+01   3.0000000e+00   4.3833381e+00   3.3228901e+00
   3.1300000e+01   3.0000000e+00   4.2132243e+00   3.3538412e+00
   3.1350000e+01   3.0000000e+00   4.0652907e+00   3.3515363e+00
   3.1400000e+01   3.0000000e+00   3.9389776e+00   3.3298047e+00
   3.1450000e+01   3.0000000e+00   3.8435910e+00   3.2876584e+00
   3.1500000e+01   3.0000000e+00   3.7780114e+00   3.2343171e+00
   3.1550000e+01   3.0000000e+00   3.7354516e+00   3.1806465e+00
   3.1600000e+01   3.0000000e+00   3.7069558e+00   3.1352075e+00
   3.1650000e+01   3.0000000e+00   3.6967219e+00   3.0907564e+00
   3.1700000e+01   3.0000000e+00   3.6983828e+00   3.0528906e+00
   3.1750000e+01   3.0000000e+00   3.7066908e+00   3.0239151e+00
   3.1800000e+01   3.0000000e+00   3.7199667e+00   3.0018541e+00
   3.1850000e+01   3.0000000e+00   3.7422685e+00   2.9801225e+00
   3.1900000e+01   3.0000000e+00   3.7605122e+00   2.9709030e+00
   3.1950000e+01   3.0000000e+00   3.7795255e+00   2.9646469e+00
   3.2000000e+01   3.0000000e+00   3.7893029e+00   2.9695859e+00
   3.2050000e+01   3.0000000e+00   3.7990803e+00   2.9725493e+00
   3.2100000e+01   3.0000000e+00   3.8131958e+00   2.9702444e+00
   3.2150000e+01   3.0000000e+00   3.8163960e+00   2.9791347e+00
   3.2200000e+01   3.0000000e+00   3.8186167e+00   2.9853908e+00
   3.2250000e+01   3.0000000e+00   3.8216770e+00   2.9883542e+00
   3.2300000e+01   3.0000000e+00   3.8269763e+00   2.9880249e+00
   3.2350000e+01   3.0000000e+00   3.8268180e+00   2.9929639e+00
   3.2400000e+01   3.0000000e+00   3.8284090e+00   2.9942810e+00
   3.2450000e+01   3.0000000e+00   3.8213937e+00   3.0031712e+00
   3.2500000e+01   3.0000000e+00   3.8137487e+00   3.0090980e+00
   3.2550000e+01   3.0000000e+00   3.8147799e+00   3.0044883e+00
   3.2600000e+01   3.0000000e+00   3.8195195e+00   2.9982322e+00
   3.2650000e+01   3.0000000e+00   3.8241191e+00   2.9946102e+00
   3.2700000e+01   3.0000000e+00   3.8169639e+00   3.0035005e+00
   3.2750000e+01   3.0000000e+00   3.8140768e+00   3.0048175e+00
   3.2800000e+01   3.0000000e+00   3.8120293e+00   3.0048175e+00
   3.2850000e+01   3.0000000e+00   3.8124308e+00   3.0025127e+00
   3.2900000e+01   3.0000000e+00   3.8138118e+00   3.0002078e+00
   3.2950000e+01   3.0000000e+00   3.8112746e+00   3.0025127e+00
   3.3000000e+01   3.0000000e+00   3.8126556e+00   3.0002078e+00
   3.3050000e+01   3.0000000e+00   3.8045208e+00   3.0077810e+00
   3.3100000e+01   3.0000000e+00   3.8012139e+00   3.0077810e+00
   3.3150000e+01   3.0000000e+00   3.8066532e+00   2.9995493e+00
   3.3200000e+01   3.0000000e+00   3.8029965e+00   3.0031712e+00
   3.3250000e+01   3.0000000e+00   3.8163423e+00   2.9893420e+00
   3.3300000e+01   3.0000000e+00   3.8135251e+00   2.9962566e+00
   3.3350000e+01   3.0000000e+00   3.8147663e+00   2.9965859e+00
   3.3400000e+01   3.0000000e+00   3.8081708e+00   3.0041590e+00
   3.3450000e+01   3.0000000e+00   3.8109512e+00   2.9998785e+00
   3.3500000e+01   3.0000000e+00   3.8061050e+00   3.0044883e+00
   3.3550000e+01   3.0000000e+00   3.8188910e+00   2.9906590e+00
   3.3600000e+01   3.0000000e+00   3.8158640e+00   2.9972444e+00
   3.3650000e+01   3.0000000e+00   3.8110877e+00   3.0028419e+00
   3.3700000e+01   3.0000000e+00   3.8025331e+00   3.0097566e+00
   3.3750000e+01   3.0000000e+00   3.8165786e+00   2.9926346e+00
   3.3800000e+01   3.0000000e+00   3.8053652e+00   3.0061346e+00
   3.3850000e+01   3.0000000e+00   3.8146528e+00   2.9949395e+00
   3.3900000e+01   3.0000000e+00   3.8112059e+00   3.0002078e+00
   3.3950000e+01   3.0000000e+00   3.8174149e+00   2.9942810e+00
   3.4000000e+01   3.0000000e+00   3.8009537e+00   3.0120614e+00
   3.4050000e+01   3.0000000e+00   3.8105212e+00   2.9982322e+00
   3.4100000e+01   3.0000000e+00   3.8081239e+00   3.0011956e+00
   3.4150000e+01   3.0000000e+00   3.8181111e+00   2.9913176e+00
   3.4200000e+01   3.0000000e+00   3.8130550e+00   2.9995493e+00
   3.4250000e+01   3.0000000e+00   3.8104478e+00   3.0021834e+00
   3.4300000e+01   3.0000000e+00   3.8025229e+00   3.0087688e+00
   3.4350000e+01   3.0000000e+00   3.8134898e+00   2.9949395e+00
   3.4400000e+01   3.0000000e+00   3.8033958e+00   3.0064639e+00
   3.4450000e+01   3.0000000e+00   3.8139429e+00   2.9939517e+00
   3.4500000e+01   3.0000000e+00   3.8130149e+00   2.9972444e+00
   3.4550000e+01   3.0000000e+00   3.8117371e+00   2.9995493e+00
   3.4600000e+01   3.0000000e+00   3.8042320e+00   3.0067932e+00
   3.4650000e+01   3.0000000e+00   3.8090416e+00   2.9995493e+00
   3.4700000e+01   3.0000000e+00   3.8162301e+00   2.9929639e+00
   3.4750000e+01   3.0000000e+00   3.8090749e+00   3.0025127e+00
   3.4800000e+01   3.0000000e+00   3.8101061e+00   3.0005371e+00
   3.4850000e+01   3.0000000e+00   3.8088283e+00   3.0015249e+00
   3.4900000e+01   3.0000000e+00   3.8074805e+00   3.0021834e+00
   3.4950000e+01   3.0000000e+00   3.8121501e+00   2.9969151e+00
   3.5000000e+01  -3.0000000e+00  -2.5699351e+00   3.0048175e+00
   3.5050000e+01  -3.0000000e+00  -4.3852045e+00   2.3113793e+00
   3.5100000e+01  -3.0000000e+00  -5.0000000e+00   1.6396721e+00
   3.5150000e+01  -3.0000000e+00  -5.0000000e+00   1.0025376e+00
   3.5200000e+01  -3.0000000e+00  -5.0000000e+00   4.0195153e-01
   3.5250000e+01  -3.0000000e+00  -5.0000000e+00  -1.3771999e-01
   3.5300000e+01  -3.0000000e+00  -5.0000000e+00  -5.8980609e-01
   3.5350000e+01  -3.0000000e+00  -5.0000000e+00  -1.0066604e+00
   3.5400000e+01  -3.0000000e+00  -5.0000000e+00  -1.3856489e+00
   3.5450000e+01  -3.0000000e+00  -5.0000000e+00  -1.7435640e+00
   3.5500000e+01  -3.0000000e+00  -5.0000000e+00  -2.1594304e+00
   3.5550000e+01  -3.0000000e+00  -5.0000000e+00  -2.3988087e+00
   3.5600000e+01  -3.0000000e+00  -4.9745785e+00  -2.6632114e+00
   3.5650000e+01  -3.0000000e+00  -4.9018576e+00  -2.8663700e+00
   3.5700000e+01  -3.0000000e+00  -4.7893240e+00  -3.0257360e+00
   3.5750000e+01  -3.0000000e+00  -4.6384472e+00  -3.1574433e+00
   3.5800000e+01  -3.0000000e+00  -4.4725269e+00  -3.2506263e+00
   3.5850000e+01  -3.0000000e+00  -4.2862455e+00  -3.3256994e+00
   3.5900000e+01  -3.0000000e+00  -4.1404764e+00  -3.3326141e+00
   3.5950000e+01  -3.0000000e+00  -4.0211558e+00  -3.3118702e+00
   3.6000000e+01  -3.0000000e+00  -3.9246453e+00  -3.2779555e+00
   3.6050000e+01  -3.0000000e+00  -3.8512947e+00  -3.2358092e+00
   3.6100000e+01  -3.0000000e+00  -3.7955065e+00  -3.1939921e+00
   3.6150000e+01  -3.0000000e+00  -3.7683357e+00  -3.1419677e+00
   3.6200000e+01  -3.0000000e+00  -3.7408852e+00  -3.1110165e+00
   3.6250000e+01  -3.0000000e+00  -3.7398830e+00  -3.0675530e+00
   3.6300000e+01  -3.0000000e+00  -3.7423094e+00  -3.0382482e+00
   3.6350000e+01  -3.0000000e+00  -3.7599892e+00  -3.0063091e+00
   3.6400000e+01  -3.0000000e+00  -3.7723513e+00  -2.9921506e+00
   3.6450000e+01  -3.0000000e+00  -3.7847833e+00  -2.9835896e+00
   3.6500000e+01  -3.0000000e+00  -3.7987547e+00  -2.9770042e+00
   3.6550000e+01  -3.0000000e+00  -3.8162245e+00  -2.9697603e+00
   3.6600000e+01  -3.0000000e+00  -3.8297761e+00  -2.9691018e+00
   3.6650000e+01  -3.0000000e+00  -3.8320626e+00  -2.9793091e+00
   3.6700000e+01  -3.0000000e+00  -3.8475033e+00  -2.9730530e+00
   3.6750000e+01  -3.0000000e+00  -3.8540579e+00  -2.9776628e+00
   3.6800000e+01  -3.0000000e+00  -3.8502570e+00  -2.9901750e+00
   3.6850000e+01  -3.0000000e+00  -3.8624791e+00  -2.9826018e+00
   3.6900000e+01  -3.0000000e+00  -3.8583284e+00  -2.9934677e+00
   3.6950000e+01  -3.0000000e+00  -3.8660025e+00  -2.9888579e+00
   3.7000000e+01  -3.0000000e+00  -3.8553446e+00  -3.0033457e+00
   3.7050000e+01  -3.0000000e+00  -3.8486750e+00  -3.0082847e+00
   3.7100000e+01  -3.0000000e+00  -3.8504017e+00  -3.0033457e+00
   3.7150000e+01  -3.0000000e+00  -3.8465308e+00  -3.0056506e+00
   3.7200000e+01  -3.0000000e+00  -3.8500767e+00  -3.0000530e+00
   3.7250000e+01  -3.0000000e+00  -3.8497044e+00  -3.0003823e+00
   3.7300000e+01  -3.0000000e+00  -3.8411455e+00  -3.0082847e+00
   3.7350000e+01  -3.0000000e+00  -3.8449713e+00  -3.0013701e+00
   3.7400000e+01  -3.0000000e+00  -3.8408906e+00  -3.0046628e+00
   3.7450000e+01  -3.0000000e+00  -3.8434569e+00  -3.0003823e+00
   3.7500000e+01  -3.0000000e+00  -3.8397959e+00  -3.0036750e+00
   3.7550000e+01  -3.0000000e+00  -3.8420824e+00  -3.0000530e+00
   3.7600000e+01  -3.0000000e+00  -3.8424097e+00  -2.9997238e+00
   3.7650000e+01  -3.0000000e+00  -3.8414776e+00  -3.0007116e+00
   3.7700000e+01  -3.0000000e+00  -3.8383764e+00  -3.0033457e+00
   3.7750000e+01  -3.0000000e+00  -3.8394034e+00  -3.0010408e+00
   3.7800000e+01  -3.0000000e+00  -3.8379115e+00  -3.0020286e+00
   3.7850000e+01  -3.0000000e+00  -3.8447460e+00  -2.9947847e+00
   3.7900000e+01  -3.0000000e+00  -3.8403154e+00  -3.0010408e+00
   3.7950000e+01  -3.0000000e+00  -3.8458204e+00  -2.9954433e+00
   3.8000000e+01  -3.0000000e+00  -3.8397105e+00  -3.0030164e+00
   3.8050000e+01  -3.0000000e+00  -3.8503234e+00  -2.9918213e+00
   3.8100000e+01  -3.0000000e+00  -3.8440036e+00  -3.0010408e+00
   3.8150000e+01  -3.0000000e+00  -3.8463600e+00  -2.9984067e+00
   3.8200000e+01  -3.0000000e+00  -3.8396904e+00  -3.0053213e+00
   3.8250000e+01  -3.0000000e+00  -3.8433762e+00  -2.9997238e+00
   3.8300000e+01  -3.0000000e+00  -3.8392955e+00  -3.0036750e+00
   3.8350000e+01  -3.0000000e+00  -3.8468296e+00  -2.9951140e+00
   3.8400000e+01  -3.0000000e+00  -3.8387606e+00  -3.0046628e+00
   3.8450000e+01  -3.0000000e+00  -3.8483239e+00  -2.9937969e+00
   3.8500000e+01  -3.0000000e+00  -3.8422140e+00  -3.0020286e+00
   3.8550000e+01  -3.0000000e+00  -3.8385531e+00  -3.0046628e+00
   3.8600000e+01  -3.0000000e+00  -3.8449677e+00  -2.9967603e+00
   3.8650000e+01  -3.0000000e+00  -3.8414467e+00  -3.0013701e+00
   3.8700000e+01  -3.0000000e+00  -3.8433134e+00  -2.9990652e+00
   3.8750000e+01  -3.0000000e+00  -3.8409119e+00  -3.0016994e+00
   3.8800000e+01  -3.0000000e+00  -3.8429884e+00  -2.9990652e+00
   3.8850000e+01  -3.0000000e+00  -3.8384878e+00  -3.0036750e+00
   3.8900000e+01  -3.0000000e+00  -3.8421737e+00  -2.9987359e+00
   3.8950000e+01  -3.0000000e+00  -3.8402620e+00  -3.0010408e+00
   3.9000000e+01  -3.0000000e+00  -3.8433181e+00  -2.9977481e+00
   3.9050000e+01  -3.0000000e+00  -3.8442751e+00  -2.9977481e+00
   3.9100000e+01  -3.0000000e+00  -3.8434829e+00  -2.9993945e+00
   3.9150000e+01  -3.0000000e+00  -3.8447898e+00  -2.9984067e+00
   3.9200000e+01  -3.0000000e+00  -3.8468664e+00  -2.9970896e+00
   3.9250000e+01  -3.0000000e+00  -3.8460042e+00  -2.9990652e+00
   3.9300000e+01  -3.0000000e+00  -3.8446522e+00  -3.0007116e+00
   3.9350000e+01  -3.0000000e+00  -3.8370030e+00  -3.0076262e+00
   3.9400000e+01  -3.0000000e+00  -3.8369105e+00  -3.0046628e+00
   3.9450000e+01  -3.0000000e+00  -3.8377276e+00  -3.0020286e+00
   3.9500000e+01  -3.0000000e+00  -3.8358159e+00  -3.0030164e+00
   3.9550000e+01  -3.0000000e+00  -3.8415309e+00  -2.9964311e+00
   3.9600000e+01  -3.0000000e+00  -3.8402489e+00  -2.9990652e+00
   3.9650000e+01  -3.0000000e+00  -3.8437948e+00  -2.9961018e+00
   3.9700000e+01  -3.0000000e+00  -3.8419531e+00  -2.9993945e+00
   3.9750000e+01  -3.0000000e+00  -3.8439596e+00  -2.9977481e+00
   3.9800000e+01  -3.0000000e+00  -3.8393191e+00  -3.0030164e+00
   3.9850000e+01  -3.0000000e+00  -3.8471332e+00  -2.9944555e+00
   3.9900000e+01  -3.0000000e+00  -3.8428425e+00  -3.0007116e+00
   3.9950000e+01  -3.0000000e+00  -3.8488373e+00  -2.9947847e+00
   4.0000000e+01   3.0000000e+00   2.5284942e+00  -2.9990652e+00
